-0.091848366	-0.09595553	-0.019114645	-0.026178354	-0.01450026	0.015287983	-0.0849798	-0.07094801	0.06613361	-0.0052629877	0.0027870417	0.01325723	-0.023923112	-0.015355249	0.05971452	1.3485925e-05	0.010776264	0.21560211	0.057634834	-0.014458032	0.05642982	0.08095789	-0.04221304	-0.01159251	-0.07253674	0.04249958	0.025382	0.0048194136	0.01691343	-0.01893032	0.07972865	-0.029721934	0.010151935	0.007189286	0.1776163	0.0563454	-0.03928958	0.022352805	-0.0024133609	-0.009984037	-0.008856075	0.031016976	-0.0077747395	-0.0036478003	-0.004484861	0.009030651	-0.044210177	-0.0030704741	0.13034435	-0.046001665	0.022507517	-0.051906418	0.009143302	0.003153723	0.001842476	0.062264856	0.029514946	0.021794736	-0.0043014204	-0.022968654	0.07537378	0.0010432008	-0.008535747	-0.017227426	-0.05865009	-0.002148604	0.009298979	0.17360106	0.039041236	-0.1385304	-0.07956733	-0.0019408107	0.017846966	0.014374747	0.0010063702	0.05080756	-0.011719829	-0.022598708	-0.023491187	0.0035707103	-0.06950808	0.019755635	0.04477593	0.043297566	-0.04233821	0.0421924	-0.020242682	0.13183741	0.10270092	-0.0197449	0.026253408	-0.05404201	-0.10947927	-0.016762497	-0.083945565	-0.027944038	-0.004160027	0.03218745	0.040639397	0.030827763	-0.0008796198	-0.031773116	0.00868552	0.023497015	0.012491925	0.010854928	-0.06457176	0.03008184	0.022355938	-0.0014861929	-0.012681662	-0.0025058785	-0.0039614327	-0.022811946	0.020409768	0.06925796	-0.052312687	-0.029328013	0.082129054	-0.052187264	-0.0348977	0.006877524	-0.04784438	-0.04226282	-0.0020185637	-0.015865788	-0.014928798	1.2061256e-06	0.03893265	0.08913517	0.027622512	0.01978748	0.01654019	-0.009588665	0.005401923	-0.030677075	-0.050107885	0.010278722	-0.0025564537	-0.011121463	0.05732797	-0.042471685	-0.044560857	-0.1139218	0.059877694	-0.010671432	0.08012875	-0.028240448	-0.05173105	-0.096182734	-0.0014429467	0.028465467	0.035496462	0.04900533	0.0037205096	0.021210346	0.13090986	-0.0039640777	-0.0024875076	0.040099684	0.017231992	0.017734753	0.0012208454	0.02922215	-0.058085427	-0.014022694	-0.024129556	-0.024320588	0.081369616	0.0017822222	0.0096684005	0.0011872591	0.0008246167	-0.014699787	0.005066388	-0.0074693183	0.23031268	-0.03645826	0.020851605	-0.02004449	-0.0836084	-0.030669432	0.012120805	-0.0032503414	-0.029206675	0.0006489274	0.06569191	-0.021129005	-0.022305116	-0.029599318	0.021104788	0.004984275	0.048778683	-0.07140944	-0.02035669	-0.05407348	0.049304586	-0.033182733	-0.042640805	-0.026554445	0.102346666	0.052804753	0.10254258	0.013311767	-0.06736875	0.044221826	-0.1161361	0.05422892	-0.023180418	-0.011332876	-0.040920943	0.11141121	0.049432345	-0.038384482	0.011258027	0.024036938	-0.0476389	-0.0067353677	-0.16336961	0.0066365735	-0.0010152105	0.0051580975	0.039559197	2.2753359e-07	0.09878682	-0.123984344	0.011216442	-0.016990857	0.01089984	0.01890482	-0.025195872	-0.042926315	-0.021865731	0.03875636	-0.097037755	0.012060421	0.019661194	0.006502338	-0.03829829	0.076230995	0.04277502	0.013793392	-0.037353624	-0.03212955	0.039643344	0.00066132145	-0.010400939	-0.07927194	0.0059871324	-0.0047828034	0.021523653	0.06912205	-0.030577157	0.05161663	-0.1194627	-0.010438154	-0.05913958	0.10540017	-0.071750715	0.02950681	0.02136939	0.023587037	-0.04701125	-0.102823734	-0.02644701	-0.020541215	0.06939414	0.05897596	-0.014640526	-0.028250158	-0.080043085	0.04785586	-0.011613377	-0.050882503	0.010370185	-0.02773438	-0.008284445	-0.0071419156	0.0024579815	0.046922147	-0.014493371	0.037131824	-0.029717704	-0.013505093	0.013024428	-0.018483454	0.0041591413	0.06596138	0.00016016839	0.038103204	0.007434016	-0.022897849	0.015192112	0.009547525	-0.07628924	0.029301306	0.021348428	-0.0048333304	0.020143699	0.014958527	0.028868075	0.0035958374	-0.0066849394	-0.02637517	0.08811227	-0.0026474816	-0.026795814	0.12535946	0.07030298	0.018501775	-0.043388218	0.13789013	0.021449506	-0.01808805	-0.02731467	0.029316336	0.000980458	0.02112933	-0.0058047944	7.253526e-07	0.0037281236	-0.020062154	0.039386306	-0.023961117	0.0045596417	-0.06342524	0.1122276	-0.012242962	0.0023004229	0.011989701	-0.05993135	0.022536369	0.026267145	-0.009726034	-0.034269035	-0.015758295	-0.03226982	-0.06596936	-0.0013552349	0.020524066	-0.055519644	-0.013199225	-0.007550208	0.012971576	0.040544122	-0.02341136	0.041937813	-0.04426295	0.03287885	-0.07908678	-0.0112720635	0.023173392	0.049486917	-0.035695236	0.040719926	-0.2308879	-0.038016	-0.016155196	-0.012660958	-0.07558249	0.015169897	-0.016096022	0.02138127	-0.016561342	0.049609367	0.006810949	0.019958818	-0.016855204	-0.00781711	0.0035751397	-0.04723058	0.008255428	-0.016739303	-0.033775125	-0.06795871	0.04519217	-0.010632055	-0.080832876	0.019491103	0.043025725	-0.046404958	0.07095587	-0.0056666215	-0.031778798
-0.09211603	-0.095668286	-0.016954087	-0.02417142	-0.013575707	0.014717722	-0.08596974	-0.07079994	0.068420075	-0.005719862	0.0030392862	0.014095439	-0.023750203	-0.0152605185	0.058168303	-0.00053005427	0.008120777	0.2180035	0.05556822	-0.017579291	0.05320462	0.08158837	-0.04048184	-0.012367739	-0.0715375	0.04478047	0.023381686	0.003053891	0.017136702	-0.020370482	0.079748526	-0.028928503	0.006091924	0.0066300086	0.17972305	0.057925746	-0.04224572	0.022000657	-0.002226356	-0.009051387	-0.009163132	0.03241161	-0.00721946	-0.0011422357	-0.005395801	0.008534803	-0.042948607	8.818153e-05	0.13190404	-0.044094656	0.022741405	-0.04994297	0.0069825533	0.0015315074	-0.0002659204	0.06121087	0.02775286	0.020551726	-0.004215416	-0.024265172	0.074379005	-0.00017369799	-0.0061479686	-0.015560207	-0.061803043	-0.00048395668	0.00978565	0.16965918	0.03952729	-0.13657345	-0.076325096	0.00018186566	0.019743996	0.015708443	0.0023401543	0.051439993	-0.011741098	-0.019705832	-0.021886075	0.0020610767	-0.06979343	0.01941439	0.04349609	0.044673506	-0.041815694	0.044065736	-0.017262757	0.1325501	0.10175213	-0.018763995	0.028035454	-0.05492006	-0.111097686	-0.017127125	-0.08498883	-0.028216703	-0.002995207	0.03265053	0.03909231	0.025120566	-0.0021442652	-0.031557176	0.0047754003	0.020818792	0.015488559	0.01084237	-0.0641869	0.03161215	0.021385998	-0.0004261649	-0.01387043	-0.004677979	-0.0058822474	-0.02396978	0.018377867	0.06928481	-0.049995057	-0.027307678	0.082722776	-0.054924842	-0.03543482	0.006799403	-0.04709354	-0.041224334	-0.0010373454	-0.015170999	-0.017052999	1.2065058e-06	0.03772508	0.09050916	0.028790846	0.018668784	0.016668541	-0.009793021	0.0037712345	-0.028812867	-0.05339139	0.013928632	-0.0041929227	-0.009784938	0.05639674	-0.041228388	-0.044789147	-0.11506364	0.05687938	-0.012872825	0.075362444	-0.030037433	-0.05068349	-0.101095095	-4.158441e-05	0.028165752	0.035127316	0.046443082	0.002298489	0.020831216	0.13209555	-0.003547246	-0.00363071	0.03877852	0.016824124	0.018406333	0.00043620408	0.029127652	-0.054611962	-0.015349312	-0.021403097	-0.023902839	0.07957814	0.003048131	0.008307636	-0.0015191085	-0.00087884127	-0.013720506	0.0036499	-0.007353041	0.22807606	-0.03571346	0.016548138	-0.018992003	-0.08270717	-0.03259858	0.008186015	-0.0044953884	-0.028588088	-0.00014761915	0.067609735	-0.018503577	-0.02088746	-0.027975397	0.018726202	0.0072237556	0.046453543	-0.07592495	-0.020560525	-0.054077268	0.04886852	-0.031587075	-0.041530352	-0.024393845	0.1038164	0.050789036	0.10319746	0.014512961	-0.06859343	0.045525167	-0.11811141	0.05570907	-0.02258567	-0.012227391	-0.04089999	0.11024079	0.048081778	-0.036127497	0.010492588	0.022992332	-0.046383623	-0.007864853	-0.1622754	0.004886304	0.0011782488	0.0057150093	0.039765384	1.916693e-07	0.09837527	-0.12379954	0.009453998	-0.01767873	0.012614303	0.017655466	-0.025639117	-0.042037796	-0.026638502	0.035351988	-0.09980284	0.010624088	0.018915607	0.008922664	-0.04097406	0.07816014	0.042395603	0.012938636	-0.037615277	-0.032649446	0.039504554	0.00806876	-0.00789662	-0.08265518	0.0060907947	-0.00063368643	0.020672275	0.07058232	-0.030627357	0.053171206	-0.119646154	-0.009198176	-0.057674855	0.10686525	-0.06883228	0.028301818	0.02267607	0.024703799	-0.04420397	-0.10312749	-0.023980418	-0.02368192	0.0717242	0.059701785	-0.0135148745	-0.028266085	-0.07806855	0.048861284	-0.01359203	-0.050417084	0.008490569	-0.027350124	-0.0061370935	-0.0042130537	0.0044111633	0.048307538	-0.0109157255	0.037037466	-0.031261988	-0.01140352	0.012945772	-0.017550178	0.004584366	0.06725647	-0.00074240257	0.037521888	0.007339576	-0.025894191	0.014665128	0.009751197	-0.078458734	0.029688483	0.023695577	-0.004226196	0.021354463	0.0136874495	0.029640272	0.0012280599	-0.0073328777	-0.026475351	0.085605204	-0.0031841057	-0.026562557	0.123647645	0.07276348	0.020617321	-0.043538503	0.13896729	0.02013597	-0.01644048	-0.027389187	0.02808905	-2.008808e-05	0.021301633	-0.005246562	7.098943e-07	0.0030128944	-0.019741734	0.037228066	-0.022196991	0.0034961337	-0.06456508	0.11166913	-0.010960927	0.0044137845	0.008319956	-0.05912384	0.021136088	0.02848657	-0.008878087	-0.036217425	-0.017739085	-0.03642623	-0.06530418	-0.00052492047	0.021331193	-0.055568	-0.013199127	-0.00631953	0.011510699	0.03871955	-0.022529565	0.04036689	-0.04496769	0.03355304	-0.07770358	-0.010676994	0.023193015	0.047390684	-0.036218572	0.039759275	-0.23506866	-0.038824424	-0.016095977	-0.0123075815	-0.07772863	0.014662438	-0.013633762	0.018375767	-0.013059605	0.049971722	0.005901307	0.020101741	-0.016691094	-0.008335528	0.0067329556	-0.049032796	0.008017746	-0.016421838	-0.03001341	-0.067759134	0.04058769	-0.0128189605	-0.07613216	0.01927988	0.045801137	-0.045435913	0.07133151	-0.0050300765	-0.034525737
-0.093498506	-0.093551666	-0.01749114	-0.024048032	-0.015214764	0.013532594	-0.0844865	-0.073162585	0.067329645	-0.0066746287	0.0037214414	0.017277215	-0.023446292	-0.0153748775	0.05577694	-0.00056371256	0.010116021	0.21763565	0.058271658	-0.0150263775	0.0518944	0.082408786	-0.039093338	-0.011355653	-0.07252688	0.04581352	0.023091212	0.0033048436	0.016297828	-0.019669458	0.0811324	-0.028589442	0.008177029	0.006125663	0.17959513	0.058701567	-0.04035038	0.021444371	-0.002942838	-0.00802852	-0.009322212	0.031082489	-0.006829211	-0.0014511355	-0.0067180544	0.008579183	-0.043518107	-0.00074994256	0.1306331	-0.045038078	0.023727115	-0.051592045	0.008174105	0.000282867	-0.0007318057	0.061057676	0.026949173	0.02181862	-0.0037359467	-0.02377045	0.07574295	0.00037314516	-0.005219209	-0.015287893	-0.060479328	0.0012803867	0.009618167	0.17156044	0.03941157	-0.13954996	-0.07571009	-2.8727942e-05	0.01986268	0.017847298	0.0014759161	0.0507381	-0.014494685	-0.021667328	-0.022191195	0.0034702444	-0.06932424	0.018747086	0.045339372	0.04629335	-0.0442045	0.044681	-0.017410858	0.13068652	0.10244788	-0.019102294	0.025417691	-0.056559667	-0.11047713	-0.016168647	-0.08630337	-0.026023587	-0.0061790915	0.034516603	0.03804401	0.032730497	-0.0030582275	-0.030831844	0.0060070297	0.021113137	0.0153628765	0.0094115725	-0.064088345	0.02893919	0.021433124	-0.0018597062	-0.011485636	-0.0035848178	-0.0048479065	-0.021964526	0.020446995	0.06838974	-0.04928605	-0.027448438	0.08053135	-0.053209007	-0.033364397	0.00716444	-0.04678551	-0.041480877	0.0005514057	-0.015250437	-0.01679177	1.6737887e-06	0.03687934	0.09208395	0.028662039	0.020477246	0.016998805	-0.009502709	0.00498922	-0.029513167	-0.05193304	0.015102601	-0.003719779	-0.012621673	0.05817082	-0.040695332	-0.04620224	-0.11523533	0.05755943	-0.014194346	0.07776231	-0.03244394	-0.05055863	-0.09876628	0.00093041686	0.029888995	0.033472527	0.051068712	0.0011156374	0.020640936	0.13451676	-0.0038959803	-0.0033840504	0.038631883	0.017766457	0.01838566	-0.0014350853	0.030389497	-0.05491756	-0.01454222	-0.021937663	-0.024244554	0.07888973	0.0036061467	0.007443241	-0.00050181895	-0.0004104435	-0.012867984	0.0029297427	-0.008599383	0.22946887	-0.035755917	0.01821203	-0.018204844	-0.08144835	-0.031299826	0.007903015	-0.003457237	-0.030387735	0.00026212202	0.068224505	-0.019476894	-0.01933822	-0.030867307	0.017464174	0.008215168	0.048740484	-0.07254532	-0.01928805	-0.05373652	0.050236184	-0.030874953	-0.040047463	-0.02544073	0.103585176	0.051379807	0.103115454	0.013926852	-0.06777302	0.043552596	-0.11712086	0.053187367	-0.019557625	-0.012894127	-0.038550124	0.10872948	0.047251843	-0.03720676	0.012360172	0.021385264	-0.04871268	-0.0077397395	-0.16170706	0.005845784	0.0018252536	0.0052975607	0.04004053	4.062803e-07	0.09854598	-0.12263119	0.0076944195	-0.01902264	0.012602285	0.016595878	-0.026078925	-0.041922133	-0.026566247	0.037057262	-0.09639684	0.009009791	0.017861264	0.009915101	-0.037227552	0.07752448	0.04418441	0.012906864	-0.03875027	-0.032446586	0.038111962	0.0056653596	-0.01177789	-0.082371384	0.006431524	0.00039175196	0.0213963	0.07010885	-0.028856399	0.05370349	-0.11943735	-0.010010086	-0.05785144	0.10437825	-0.06918403	0.030103264	0.021379646	0.02482047	-0.047045033	-0.10459029	-0.02410953	-0.019479692	0.068266876	0.057124823	-0.014632408	-0.029038109	-0.07674735	0.050443687	-0.012604603	-0.050045706	0.009270186	-0.029522179	-0.0060599865	-0.005370265	0.0022968478	0.04691512	-0.011686967	0.036664505	-0.030000344	-0.010618648	0.012301973	-0.018117674	0.0052676415	0.06770488	-0.000926331	0.037922293	0.006457835	-0.028027495	0.015163666	0.010630811	-0.07852323	0.03100649	0.022413151	-0.0059643495	0.022149583	0.015641283	0.026383227	0.0029979863	-0.0074891024	-0.02560077	0.08762839	-0.0030418453	-0.026459793	0.12620318	0.07523186	0.020300586	-0.04434046	0.13920793	0.020930048	-0.015732111	-0.026437428	0.028731572	0.0006582377	0.020823447	-0.0043390733	8.471947e-07	0.00176441	-0.021819701	0.036198277	-0.022079775	0.0034576023	-0.06428124	0.11287187	-0.010446441	0.0023160526	0.008169467	-0.058212735	0.020638904	0.030338788	-0.009144909	-0.03710475	-0.01847238	-0.035087403	-0.06535785	-0.0026046275	0.022495177	-0.055740602	-0.014744532	-0.0050986423	0.013270089	0.038778845	-0.022451976	0.039541874	-0.043006953	0.035163954	-0.074787505	-0.011579937	0.023480406	0.0473917	-0.033668462	0.038974132	-0.23475836	-0.037674576	-0.01685948	-0.012147306	-0.07909767	0.0127540305	-0.014358432	0.019436074	-0.01496072	0.05175938	0.006229788	0.020093758	-0.016873688	-0.008472044	0.0063852924	-0.04897159	0.007998128	-0.016456787	-0.02894091	-0.0641797	0.038798697	-0.011802172	-0.0754038	0.020412402	0.044444706	-0.04844209	0.06950116	-0.0042792554	-0.035588402
-0.09388412	-0.095658325	-0.019403812	-0.024157764	-0.012865815	0.015571559	-0.086594544	-0.071103595	0.0633969	-0.004187681	0.0024224163	0.014921953	-0.02432144	-0.017075479	0.059290282	-0.0007966194	0.009230561	0.21786246	0.05536076	-0.0144380275	0.053051583	0.080196194	-0.03913197	-0.012967926	-0.07328749	0.043663174	0.023926176	0.0027664725	0.011935761	-0.020911664	0.08114891	-0.030171923	0.0059674503	0.00680198	0.1764546	0.057281453	-0.042788494	0.023696972	-0.0019924159	-0.008684835	-0.010304723	0.030173222	-0.006073124	-0.0010908307	-0.006506149	0.006918434	-0.045117207	-0.0026585462	0.13273948	-0.044298846	0.021769533	-0.052329488	0.009642318	-0.0004920185	-0.0003163262	0.05880639	0.026611226	0.0194924	-0.004061575	-0.026261862	0.07555201	0.0010216864	-0.0059878584	-0.018197058	-0.060859483	0.0007120921	0.009536675	0.17158003	0.040578634	-0.1346014	-0.075052604	0.0007000272	0.018620722	0.017652953	-0.0011558362	0.050876234	-0.012961952	-0.021852717	-0.022809764	0.004531466	-0.07093768	0.019197963	0.04664342	0.047589187	-0.04205232	0.045368683	-0.018100873	0.13214077	0.1037774	-0.020922592	0.02449788	-0.05478466	-0.1093918	-0.016044885	-0.083091065	-0.02823481	-0.004686139	0.030355697	0.0373945	0.028213369	-0.0019488578	-0.029190116	0.0038445825	0.021977808	0.014650587	0.010948375	-0.06416558	0.03121013	0.021226162	-0.0013504084	-0.012478188	-0.0015793086	-0.00291348	-0.023644475	0.018711621	0.066400036	-0.048370168	-0.026833648	0.08326946	-0.05566679	-0.032905724	0.0070958836	-0.050086513	-0.043204937	0.00042790762	-0.016044047	-0.016534714	6.772094e-07	0.03883726	0.08844319	0.030207643	0.019969089	0.016753836	-0.009821961	0.004810916	-0.031667933	-0.053491496	0.010206494	-0.004365515	-0.010857358	0.056916013	-0.042932305	-0.045338135	-0.11455745	0.05643468	-0.015672466	0.07642235	-0.032031257	-0.050462797	-0.101270646	0.0017409949	0.029470375	0.034753922	0.050481793	0.0035469315	0.019676482	0.13200437	-0.0034427403	-0.002448811	0.039596464	0.014368669	0.018781012	-0.0009366527	0.028100496	-0.05414609	-0.01498542	-0.024945844	-0.02259222	0.07998189	0.0010593404	0.008137872	0.0024427425	-0.00041739218	-0.0142583605	0.00404461	-0.00798674	0.23048787	-0.03341637	0.017689845	-0.019726014	-0.081465125	-0.034388993	0.008501527	-0.0052721347	-0.028767373	-0.0010414227	0.06725262	-0.021462912	-0.018335303	-0.029137034	0.018496068	0.0049243663	0.043903586	-0.07310626	-0.024241157	-0.05687599	0.05061568	-0.03456764	-0.040950153	-0.024816718	0.10220007	0.049943566	0.10023874	0.014936499	-0.067013726	0.04327024	-0.118193895	0.05438642	-0.020716583	-0.015691115	-0.0409355	0.109631285	0.047556806	-0.03769738	0.010110131	0.021855537	-0.046428118	-0.007108817	-0.16194539	0.0062199263	0.0011276826	0.0027278718	0.039787702	-7.872728e-08	0.09955521	-0.12546156	0.009924052	-0.01834815	0.012672932	0.0181178	-0.025672887	-0.04525905	-0.026132047	0.03569782	-0.0955937	0.012504654	0.01818791	0.008984397	-0.036184702	0.07768352	0.04125807	0.0138102425	-0.03924655	-0.032831166	0.039060216	0.0032568239	-0.007363202	-0.07742518	0.0027999363	-0.001234241	0.0252216	0.06732881	-0.03310556	0.050028645	-0.119780906	-0.009303351	-0.0583876	0.10493248	-0.07136508	0.028612318	0.022145262	0.024763856	-0.04885788	-0.10394472	-0.023047578	-0.021323496	0.0682227	0.059850264	-0.014491229	-0.029129155	-0.07906993	0.049558684	-0.0127851665	-0.05000154	0.0069820797	-0.030295469	-0.0066272863	-0.0037878072	0.0053754314	0.046735756	-0.011749942	0.03460156	-0.030875685	-0.009882286	0.010636777	-0.019270105	0.005214654	0.06617542	0.00061367947	0.03689887	0.0044290596	-0.026949462	0.014698567	0.012168266	-0.077441245	0.03095982	0.021754978	-0.004647618	0.02481827	0.016013093	0.028130526	0.0033702776	-0.009322237	-0.027166726	0.09130747	-0.0023373563	-0.0239363	0.12249166	0.07374736	0.021997197	-0.042415544	0.13856685	0.02224987	-0.018380262	-0.029632859	0.028559813	-0.0015528704	0.022214904	-0.005969655	4.8040806e-07	0.0037782425	-0.021471819	0.039630562	-0.022503296	0.0019289508	-0.06505102	0.1114684	-0.012630517	0.0023932273	0.006910483	-0.059526943	0.022335488	0.026638515	-0.0074882973	-0.032799516	-0.018326309	-0.034468275	-0.06566261	-0.0028639408	0.020601474	-0.056666005	-0.015344998	-0.0033129968	0.012555522	0.040345967	-0.020781832	0.043060284	-0.047878552	0.033039734	-0.0787265	-0.010206846	0.022350863	0.050095476	-0.038251765	0.040173624	-0.23315395	-0.038648095	-0.015872851	-0.013797904	-0.07995639	0.014372695	-0.015150965	0.019338029	-0.014755123	0.05083984	0.007117036	0.02042227	-0.017683603	-0.009409989	0.005461153	-0.047827408	0.0041308175	-0.017034868	-0.028041665	-0.0684069	0.040526208	-0.01426086	-0.07745935	0.019265842	0.044490527	-0.04802629	0.07228508	-0.007085019	-0.03142721
-0.0925143	-0.095397756	-0.016640404	-0.02486667	-0.013903453	0.014616944	-0.08640354	-0.07240479	0.06584262	-0.005326214	0.0028876127	0.017195458	-0.023240916	-0.014491923	0.056594443	-0.0016174709	0.008999645	0.2199038	0.05807956	-0.014255466	0.053479694	0.08411447	-0.04071513	-0.012603472	-0.07316575	0.043969136	0.022844609	0.002911105	0.015120092	-0.021086205	0.08271852	-0.027591467	0.0058470755	0.0044280416	0.17979845	0.058092955	-0.041218434	0.022272956	-0.002512232	-0.008227189	-0.010710528	0.031067628	-0.0068245907	-0.0008676233	-0.0055655274	0.009035281	-0.044410747	-0.0011525848	0.1313325	-0.045493107	0.024010401	-0.050895244	0.00938044	0.0018023702	-2.9428738e-05	0.061757725	0.027742185	0.02185964	-0.0038986288	-0.025313666	0.074137695	0.0008247234	-0.004232006	-0.01657509	-0.060598854	0.001988446	0.010469376	0.16959211	0.04022461	-0.13789956	-0.073914625	-7.188976e-05	0.020699926	0.018578833	0.0016204363	0.05055553	-0.013145839	-0.020490963	-0.023537649	0.0022491342	-0.07027561	0.018261787	0.04657396	0.045611776	-0.042865682	0.044069916	-0.017393835	0.12938586	0.1023736	-0.018894741	0.025846912	-0.05374977	-0.109014	-0.016218275	-0.08529566	-0.027059222	-0.0036245263	0.03210999	0.03790312	0.037910998	-0.0026734658	-0.030896122	0.0032816506	0.020189954	0.016263861	0.011397781	-0.063754074	0.02974906	0.020798178	-0.0017564386	-0.011386273	-0.002169456	-0.003733497	-0.023402527	0.020142697	0.066928744	-0.049276553	-0.027603518	0.08016601	-0.05321081	-0.033761524	0.005517977	-0.046637088	-0.04144514	0.0015095475	-0.016901718	-0.015464762	1.6627736e-06	0.038120076	0.08976478	0.02937781	0.019379264	0.01636574	-0.008041124	0.0054488974	-0.028654529	-0.053774215	0.010310073	-0.005246519	-0.009135799	0.056469236	-0.04267638	-0.04442148	-0.11382892	0.057518717	-0.014110511	0.07803911	-0.030347073	-0.051059194	-0.09891612	0.0010845251	0.029598951	0.03312402	0.049058348	0.0014649662	0.020010233	0.13466951	-0.0043371334	-0.0020498668	0.039657876	0.016428199	0.017873857	-0.00044166183	0.027313096	-0.054598387	-0.013825235	-0.023094593	-0.026138965	0.079381965	0.0037697605	0.008353671	0.00053675554	-0.0029291012	-0.013221039	0.001978424	-0.0085448865	0.22666988	-0.035704717	0.01631258	-0.018424671	-0.08127125	-0.03379086	0.008196935	-0.002425509	-0.028973486	0.0023665337	0.06830816	-0.019576097	-0.01924287	-0.029188905	0.018116144	0.008070956	0.04623936	-0.07441761	-0.021089146	-0.054704025	0.049897064	-0.031520747	-0.039637927	-0.024852375	0.103108004	0.052379664	0.10275832	0.014688814	-0.067158945	0.04346864	-0.118261285	0.054675438	-0.019181665	-0.011527887	-0.040869426	0.109132305	0.048568707	-0.038214657	0.009871241	0.023217028	-0.047838174	-0.006561312	-0.16165826	0.006531562	0.0016944032	0.00447107	0.03923769	3.9036448e-07	0.099001475	-0.12194356	0.010816399	-0.01672718	0.01210149	0.018069765	-0.027653757	-0.0441764	-0.027495675	0.036074966	-0.09682778	0.009160204	0.015127598	0.0081762	-0.03897638	0.077508934	0.04091087	0.012606769	-0.038371373	-0.033862058	0.036995843	0.0061738323	-0.0113212885	-0.08085842	0.005777911	0.0009825713	0.022693412	0.069160916	-0.031713765	0.053993214	-0.11946584	-0.0098503055	-0.057765495	0.10768789	-0.070298195	0.027259959	0.020655092	0.02438712	-0.046331577	-0.1043899	-0.02481229	-0.021920722	0.068825394	0.058027048	-0.015875781	-0.029715572	-0.07760206	0.05109861	-0.012427599	-0.048907787	0.008950261	-0.028898852	-0.0058941776	-0.0056470484	0.0045036166	0.047548186	-0.012919137	0.03604478	-0.03113357	-0.011967981	0.0122535	-0.016136806	0.005187833	0.065283194	0.00051716773	0.036696922	0.005371096	-0.027259285	0.01601011	0.009966756	-0.079185314	0.030846212	0.022347454	-0.0039969007	0.025251374	0.01612813	0.026755812	0.0030400576	-0.0077297273	-0.026570965	0.08614257	-0.0024972523	-0.02671223	0.12540537	0.073851004	0.021571754	-0.044166587	0.13989893	0.021219298	-0.015272071	-0.027319232	0.029596588	0.000188815	0.023201734	-0.004263983	7.9633685e-07	0.0041312897	-0.022190893	0.037735805	-0.020851497	0.0021456133	-0.06693946	0.11354558	-0.011020969	0.002143676	0.0072026616	-0.058734145	0.020590995	0.029577741	-0.008572675	-0.037033547	-0.02049087	-0.03411907	-0.06701247	-0.0029036244	0.023569455	-0.05709171	-0.014715078	-0.005813726	0.013524428	0.038161635	-0.023024108	0.03932101	-0.045131054	0.034677535	-0.07569218	-0.011236383	0.022336924	0.047325093	-0.035551306	0.04043398	-0.23473963	-0.03574311	-0.017037284	-0.012828925	-0.07847377	0.014018789	-0.013645554	0.02024443	-0.013486313	0.052117083	0.0053252163	0.020999745	-0.017531067	-0.007749667	0.004438606	-0.048173968	0.0068562957	-0.01668397	-0.029030848	-0.06708666	0.039246142	-0.012167486	-0.07550255	0.0189818	0.04529345	-0.047295943	0.068962395	-0.00496978	-0.034683384
-0.09219276	-0.093779325	-0.01686616	-0.025018973	-0.013782214	0.015185875	-0.084785424	-0.0724605	0.067606844	-0.005949209	0.0025494676	0.0135654	-0.023946768	-0.014484143	0.058750715	-3.9148093e-05	0.008130616	0.21871665	0.05907962	-0.015118143	0.05364439	0.0841197	-0.039336786	-0.012866312	-0.07431716	0.04535955	0.023465946	0.00193249	0.015724666	-0.017396394	0.08239402	-0.027848031	0.005972473	0.0058137756	0.17860202	0.060238864	-0.041431885	0.022781005	-0.0035347156	-0.008268348	-0.00923396	0.03227243	-0.007997097	-0.00059755833	-0.006869209	0.007876803	-0.044210993	0.00062144455	0.130594	-0.04527298	0.024369763	-0.051887915	0.008489141	0.0021439153	-0.0009898085	0.061124697	0.026294036	0.02106385	-0.0041256654	-0.024494093	0.0739918	-0.00025299145	-0.00541322	-0.016263101	-0.060430158	0.00032992952	0.010248245	0.17096117	0.041025337	-0.1374905	-0.07533475	-0.0011331296	0.02047996	0.016261922	0.0009504627	0.051299863	-0.013524544	-0.020481098	-0.0225017	0.00076602964	-0.06861669	0.019374326	0.04486453	0.046770867	-0.041507095	0.04532966	-0.017262446	0.1313482	0.101688124	-0.018201254	0.025906177	-0.05645777	-0.11062765	-0.016578916	-0.08769558	-0.026853077	-0.005810342	0.033648513	0.038728043	0.036223955	-0.0010595119	-0.030323902	0.0027758768	0.019954935	0.015925312	0.010312825	-0.065507	0.029480394	0.022700574	-0.00130705	-0.012216124	-0.0043132207	-0.0033498958	-0.022899423	0.019968554	0.068523146	-0.050350465	-0.027871186	0.079924926	-0.053594645	-0.035197444	0.007556014	-0.048915703	-0.040070817	0.0017337376	-0.014938698	-0.017365186	1.6136945e-06	0.036936853	0.091003135	0.028232835	0.016983246	0.016999748	-0.008326511	0.002692654	-0.027436193	-0.05189352	0.010317963	-0.0038070823	-0.012127808	0.056367032	-0.041471332	-0.046179574	-0.11357446	0.05747385	-0.013758936	0.0764378	-0.03132265	-0.04945913	-0.097831815	0.001017677	0.030209344	0.032650083	0.047540177	0.0018414393	0.020753542	0.13368343	-0.0049269004	-0.00520027	0.039313823	0.017039794	0.017982077	-0.00029584536	0.028731957	-0.053163547	-0.014104257	-0.021300497	-0.023386706	0.07900295	0.003999601	0.00836596	-0.0023927416	-0.0008354721	-0.01248038	0.0032731537	-0.008421919	0.22960353	-0.036166865	0.0172073	-0.019061137	-0.080280684	-0.0325445	0.008029863	-0.0028743157	-0.029582473	-0.0012241333	0.068189144	-0.01762833	-0.020238781	-0.029522631	0.020039154	0.009967543	0.04701013	-0.07289599	-0.01992873	-0.05588746	0.05117203	-0.03120013	-0.039325584	-0.023223348	0.10464671	0.052113254	0.10390116	0.015042566	-0.06767052	0.04377608	-0.11854411	0.05435844	-0.020386223	-0.011445218	-0.04093353	0.1078226	0.050506447	-0.037651364	0.011096747	0.022348398	-0.04610508	-0.009359413	-0.16275893	0.006476897	0.0013894319	0.005242482	0.041815124	3.970918e-07	0.10011711	-0.12171711	0.007431845	-0.0174512	0.013832513	0.018341703	-0.026997743	-0.042213846	-0.026498243	0.036109027	-0.100374	0.0103646	0.016300343	0.009392712	-0.038907617	0.076528564	0.043401103	0.012126424	-0.039345022	-0.032904427	0.037279863	0.005991834	-0.010758788	-0.08236345	0.0077436725	0.0006520355	0.024417806	0.069827646	-0.03007797	0.054130558	-0.12064765	-0.009405772	-0.05632657	0.10495685	-0.06753389	0.028066222	0.021513091	0.02274592	-0.045881502	-0.104726106	-0.0242263	-0.021295125	0.06895405	0.058392737	-0.014508416	-0.029064039	-0.07697368	0.049251553	-0.012981103	-0.04973988	0.008191529	-0.02927592	-0.0063510216	-0.0032468461	0.0035704435	0.047956873	-0.011146328	0.03537702	-0.030003976	-0.010591106	0.01205189	-0.01894401	0.0069390666	0.06763078	-0.0010679613	0.037753608	0.006384633	-0.02687437	0.016435279	0.009018825	-0.07981367	0.031527586	0.023211002	-0.0043772357	0.022610502	0.015665354	0.028180735	0.0020731431	-0.007339078	-0.025393983	0.08709419	-0.0030363353	-0.025972085	0.12420613	0.0728494	0.022044968	-0.044495028	0.13883826	0.021177774	-0.016570495	-0.026463857	0.028693572	0.0009975187	0.01999706	-0.0041354136	8.0816136e-07	0.003346772	-0.020624667	0.036037035	-0.022810115	0.0017656971	-0.066264175	0.11067035	-0.0103242155	0.0030159047	0.008404668	-0.058824934	0.021771424	0.030585267	-0.008858886	-0.036827676	-0.019711688	-0.032455523	-0.06719481	-0.0029933017	0.022150647	-0.05700769	-0.0145691885	-0.005792154	0.01214585	0.037991047	-0.022286251	0.03930407	-0.04554562	0.034164913	-0.07423343	-0.011000243	0.022102032	0.04554951	-0.033756826	0.03828739	-0.23372091	-0.036759946	-0.017148225	-0.011756019	-0.07951522	0.012930231	-0.015144943	0.019578455	-0.0146592315	0.052561928	0.0063496153	0.020996038	-0.016439846	-0.009410808	0.0049761096	-0.04996608	0.008603892	-0.017104272	-0.029000428	-0.06512797	0.039598454	-0.012969347	-0.07530457	0.018844767	0.04547478	-0.04711499	0.06868503	-0.00466085	-0.034117445
-0.09219276	-0.093779325	-0.01686616	-0.025018973	-0.013782214	0.015185875	-0.084785424	-0.0724605	0.067606844	-0.005949209	0.0025494676	0.0135654	-0.023946768	-0.014484143	0.058750715	-3.9148093e-05	0.008130616	0.21871665	0.05907962	-0.015118143	0.05364439	0.0841197	-0.039336786	-0.012866312	-0.07431716	0.04535955	0.023465946	0.00193249	0.015724666	-0.017396394	0.08239402	-0.027848031	0.005972473	0.0058137756	0.17860202	0.060238864	-0.041431885	0.022781005	-0.0035347156	-0.008268348	-0.00923396	0.03227243	-0.007997097	-0.00059755833	-0.006869209	0.007876803	-0.044210993	0.00062144455	0.130594	-0.04527298	0.024369763	-0.051887915	0.008489141	0.0021439153	-0.0009898085	0.061124697	0.026294036	0.02106385	-0.0041256654	-0.024494093	0.0739918	-0.00025299145	-0.00541322	-0.016263101	-0.060430158	0.00032992952	0.010248245	0.17096117	0.041025337	-0.1374905	-0.07533475	-0.0011331296	0.02047996	0.016261922	0.0009504627	0.051299863	-0.013524544	-0.020481098	-0.0225017	0.00076602964	-0.06861669	0.019374326	0.04486453	0.046770867	-0.041507095	0.04532966	-0.017262446	0.1313482	0.101688124	-0.018201254	0.025906177	-0.05645777	-0.11062765	-0.016578916	-0.08769558	-0.026853077	-0.005810342	0.033648513	0.038728043	0.036223955	-0.0010595119	-0.030323902	0.0027758768	0.019954935	0.015925312	0.010312825	-0.065507	0.029480394	0.022700574	-0.00130705	-0.012216124	-0.0043132207	-0.0033498958	-0.022899423	0.019968554	0.068523146	-0.050350465	-0.027871186	0.079924926	-0.053594645	-0.035197444	0.007556014	-0.048915703	-0.040070817	0.0017337376	-0.014938698	-0.017365186	1.6136945e-06	0.036936853	0.091003135	0.028232835	0.016983246	0.016999748	-0.008326511	0.002692654	-0.027436193	-0.05189352	0.010317963	-0.0038070823	-0.012127808	0.056367032	-0.041471332	-0.046179574	-0.11357446	0.05747385	-0.013758936	0.0764378	-0.03132265	-0.04945913	-0.097831815	0.001017677	0.030209344	0.032650083	0.047540177	0.0018414393	0.020753542	0.13368343	-0.0049269004	-0.00520027	0.039313823	0.017039794	0.017982077	-0.00029584536	0.028731957	-0.053163547	-0.014104257	-0.021300497	-0.023386706	0.07900295	0.003999601	0.00836596	-0.0023927416	-0.0008354721	-0.01248038	0.0032731537	-0.008421919	0.22960353	-0.036166865	0.0172073	-0.019061137	-0.080280684	-0.0325445	0.008029863	-0.0028743157	-0.029582473	-0.0012241333	0.068189144	-0.01762833	-0.020238781	-0.029522631	0.020039154	0.009967543	0.04701013	-0.07289599	-0.01992873	-0.05588746	0.05117203	-0.03120013	-0.039325584	-0.023223348	0.10464671	0.052113254	0.10390116	0.015042566	-0.06767052	0.04377608	-0.11854411	0.05435844	-0.020386223	-0.011445218	-0.04093353	0.1078226	0.050506447	-0.037651364	0.011096747	0.022348398	-0.04610508	-0.009359413	-0.16275893	0.006476897	0.0013894319	0.005242482	0.041815124	3.970918e-07	0.10011711	-0.12171711	0.007431845	-0.0174512	0.013832513	0.018341703	-0.026997743	-0.042213846	-0.026498243	0.036109027	-0.100374	0.0103646	0.016300343	0.009392712	-0.038907617	0.076528564	0.043401103	0.012126424	-0.039345022	-0.032904427	0.037279863	0.005991834	-0.010758788	-0.08236345	0.0077436725	0.0006520355	0.024417806	0.069827646	-0.03007797	0.054130558	-0.12064765	-0.009405772	-0.05632657	0.10495685	-0.06753389	0.028066222	0.021513091	0.02274592	-0.045881502	-0.104726106	-0.0242263	-0.021295125	0.06895405	0.058392737	-0.014508416	-0.029064039	-0.07697368	0.049251553	-0.012981103	-0.04973988	0.008191529	-0.02927592	-0.0063510216	-0.0032468461	0.0035704435	0.047956873	-0.011146328	0.03537702	-0.030003976	-0.010591106	0.01205189	-0.01894401	0.0069390666	0.06763078	-0.0010679613	0.037753608	0.006384633	-0.02687437	0.016435279	0.009018825	-0.07981367	0.031527586	0.023211002	-0.0043772357	0.022610502	0.015665354	0.028180735	0.0020731431	-0.007339078	-0.025393983	0.08709419	-0.0030363353	-0.025972085	0.12420613	0.0728494	0.022044968	-0.044495028	0.13883826	0.021177774	-0.016570495	-0.026463857	0.028693572	0.0009975187	0.01999706	-0.0041354136	8.0816136e-07	0.003346772	-0.020624667	0.036037035	-0.022810115	0.0017656971	-0.066264175	0.11067035	-0.0103242155	0.0030159047	0.008404668	-0.058824934	0.021771424	0.030585267	-0.008858886	-0.036827676	-0.019711688	-0.032455523	-0.06719481	-0.0029933017	0.022150647	-0.05700769	-0.0145691885	-0.005792154	0.01214585	0.037991047	-0.022286251	0.03930407	-0.04554562	0.034164913	-0.07423343	-0.011000243	0.022102032	0.04554951	-0.033756826	0.03828739	-0.23372091	-0.036759946	-0.017148225	-0.011756019	-0.07951522	0.012930231	-0.015144943	0.019578455	-0.0146592315	0.052561928	0.0063496153	0.020996038	-0.016439846	-0.009410808	0.0049761096	-0.04996608	0.008603892	-0.017104272	-0.029000428	-0.06512797	0.039598454	-0.012969347	-0.07530457	0.018844767	0.04547478	-0.04711499	0.06868503	-0.00466085	-0.034117445
-0.089913376	-0.09453177	-0.016675327	-0.022361724	-0.01632755	0.0156064825	-0.08354372	-0.07344323	0.06729651	-0.00709078	0.0038818289	0.013789828	-0.02332341	-0.014787884	0.055299852	-0.001628307	0.0072785867	0.21937867	0.057491113	-0.017067723	0.05318783	0.08173075	-0.040418237	-0.016029269	-0.07256237	0.043921936	0.024615422	0.0024033573	0.0171758	-0.01625549	0.08384727	-0.030095112	0.0072822	0.0058712596	0.17729023	0.058846578	-0.040283952	0.023630813	-0.004032779	-0.008464335	-0.0104009425	0.030960662	-0.008552527	-0.002436545	-0.0050412654	0.00827876	-0.04333422	-0.0004672899	0.128986	-0.04632229	0.02551372	-0.053214043	0.009764138	0.0022226335	-0.0020934776	0.06133996	0.028110083	0.019011684	-0.0044879694	-0.02384613	0.073943496	9.6070944e-05	-0.0044914	-0.016625868	-0.061982635	0.00224078	0.012467363	0.17264041	0.043785494	-0.13832375	-0.074203834	-0.0038683163	0.020715663	0.0154281985	0.0013459154	0.052298117	-0.013145137	-0.017367799	-0.023369303	0.0016051683	-0.06919364	0.019575017	0.0463837	0.04294321	-0.043133806	0.0449505	-0.019799516	0.13463888	0.10155662	-0.01604606	0.023721991	-0.05828074	-0.11042684	-0.017086592	-0.084129415	-0.027672583	-0.0033584917	0.032790646	0.04234817	0.019556548	-0.0025305126	-0.031107573	0.004869581	0.019764217	0.014312034	0.012850009	-0.06456689	0.028286122	0.021057917	3.5099827e-05	-0.0156724	-0.0024733676	-0.004583849	-0.021828802	0.018703176	0.06810729	-0.049871925	-0.028164485	0.08132894	-0.054939404	-0.034348488	0.0071632965	-0.048048474	-0.042450827	-0.00025202852	-0.011715183	-0.016504308	1.0414533e-06	0.036746643	0.09146754	0.027853504	0.018294828	0.0152904065	-0.0069846557	0.004075079	-0.026929675	-0.052555516	0.011264437	-0.0048555867	-0.008016469	0.055645976	-0.040481787	-0.04416766	-0.116241455	0.057098884	-0.012664594	0.07849081	-0.031966876	-0.05307163	-0.09675653	-1.2704614e-05	0.029107803	0.035856605	0.04747912	0.0018398473	0.020609828	0.1316098	-0.004667042	-0.0033369998	0.03919698	0.014697226	0.015390893	-0.00017684913	0.02836869	-0.054368477	-0.013720882	-0.022653805	-0.024324493	0.07865566	0.004452848	0.007162354	2.9260593e-05	-0.00067090266	-0.011945466	0.0021768096	-0.0062248018	0.23118626	-0.035793673	0.014977833	-0.021200357	-0.079517715	-0.032172866	0.009342686	-0.0032282148	-0.029252235	-0.0011812751	0.06910523	-0.019312127	-0.020291494	-0.02911756	0.01807908	0.0092980815	0.04596349	-0.071550086	-0.019728944	-0.055036657	0.051502604	-0.031098867	-0.03970111	-0.023383206	0.10349451	0.050143287	0.10147599	0.013264267	-0.06889542	0.042591304	-0.11890689	0.05642406	-0.019913904	-0.01023256	-0.039715223	0.107771374	0.04671878	-0.037983753	0.008662788	0.0221689	-0.047336157	-0.011640009	-0.16261446	0.00719211	-0.00081255625	0.0060028443	0.041603945	5.650124e-08	0.09953568	-0.124064974	0.009432325	-0.016653253	0.013131765	0.016016783	-0.027297413	-0.044583045	-0.028459113	0.03543648	-0.09892761	0.009200637	0.01587834	0.009648739	-0.038517576	0.07676147	0.042159162	0.011732568	-0.039298996	-0.03469789	0.037057467	0.0056974497	-0.008540586	-0.08358827	0.0057559432	-0.0010625127	0.021331131	0.06842104	-0.03150552	0.054087862	-0.12007543	-0.0075905905	-0.056660615	0.107835405	-0.06787609	0.025486836	0.02135323	0.024890414	-0.04671514	-0.10344364	-0.024634862	-0.023326943	0.06991988	0.057220966	-0.015705775	-0.02926926	-0.079904325	0.04973472	-0.012776923	-0.05213955	0.007073862	-0.028968072	-0.009742373	-0.005924396	0.0036824064	0.045882046	-0.0133574745	0.032394107	-0.03155072	-0.011495216	0.012504805	-0.02059875	0.0068910457	0.06672633	-0.00048337533	0.03859844	0.007291353	-0.027178586	0.012449775	0.010274335	-0.07687944	0.03246667	0.021816112	-0.002818199	0.02074727	0.01260787	0.028925266	0.0024195677	-0.008019364	-0.028062394	0.08624242	-0.002011736	-0.026211092	0.12339414	0.07336827	0.020303374	-0.045777395	0.13975114	0.021737609	-0.014615233	-0.027859109	0.028446658	-0.0011053237	0.02348744	-0.0048744315	5.403705e-07	0.0021779104	-0.022427637	0.03588696	-0.022743717	0.00046357766	-0.066233724	0.11272448	-0.011626272	0.0034039025	0.0057086283	-0.061244916	0.021046823	0.030613268	-0.006360281	-0.03396805	-0.018041994	-0.032198682	-0.0649861	-0.0033966675	0.021583468	-0.05897493	-0.015336509	-0.0059821694	0.012541903	0.036388747	-0.023342632	0.040845685	-0.04506681	0.033679698	-0.0762326	-0.012030603	0.02471635	0.04676436	-0.037958957	0.038275946	-0.2323601	-0.03759391	-0.016186472	-0.012793631	-0.07660786	0.01289103	-0.011530773	0.018729758	-0.012978762	0.05269761	0.0065977797	0.019798188	-0.014639098	-0.008319592	0.0040809233	-0.049437307	0.008637101	-0.018767174	-0.030112864	-0.06952636	0.03822482	-0.014033679	-0.07503796	0.020703042	0.04419129	-0.049718615	0.067372434	-0.0005017149	-0.035015356
-0.09009084	-0.09328786	-0.018874379	-0.027039096	-0.012492839	0.014949448	-0.084955275	-0.06945962	0.065223314	-0.0032988628	0.004598438	0.020214705	-0.024645396	-0.0154056335	0.057973318	0.0019401116	0.009537975	0.22238234	0.053498868	-0.012398108	0.053614084	0.079949	-0.0373969	-0.011188741	-0.07436792	0.04682376	0.022506094	0.0008611729	0.01597735	-0.017398471	0.0825275	-0.02808248	0.008156015	0.0059633655	0.17457262	0.057840127	-0.04101462	0.02238586	-0.002851882	-0.01033264	-0.010035721	0.028360607	-0.006059286	-0.002624811	-0.0062949904	0.009521465	-0.04458367	-0.004781149	0.13127708	-0.048037898	0.019660246	-0.050756615	0.007891049	-0.001283677	-5.334531e-05	0.055711053	0.028091637	0.016793108	-0.0016635577	-0.02293203	0.07503497	0.0031998276	-0.0068227267	-0.016725581	-0.05766516	0.00063287374	0.009769566	0.17370467	0.044653274	-0.13516633	-0.07293177	0.00012031687	0.021642512	0.016596103	-0.0014052478	0.04680184	-0.016329544	-0.022906465	-0.023726022	0.00345947	-0.06958575	0.020380089	0.049727455	0.04685451	-0.042291198	0.045134064	-0.016688557	0.12953354	0.10251037	-0.018515348	0.023592962	-0.055581674	-0.110033505	-0.015427643	-0.083272696	-0.02763107	-0.006606919	0.03288595	0.039246887	0.022955569	-0.0011796593	-0.029250659	0.004500822	0.021898504	0.01695755	0.010143452	-0.06428601	0.028564082	0.023497283	-0.002202154	-0.013009735	-0.001432839	-0.002015689	-0.02173408	0.021504886	0.067110606	-0.047713164	-0.023903282	0.078340106	-0.053515114	-0.03532128	0.0065198033	-0.05088582	-0.040817164	0.0016476866	-0.012012166	-0.019698577	1.2265815e-06	0.039352495	0.08921339	0.029458389	0.021860022	0.019048817	-0.009600658	0.004294201	-0.031719223	-0.05112591	0.011869283	-0.0019677167	-0.011752385	0.057858445	-0.04096087	-0.045197364	-0.11634659	0.05895442	-0.013375982	0.07742981	-0.03361648	-0.048352625	-0.10201023	0.0043120417	0.032172035	0.03356212	0.051311154	0.002212773	0.019852735	0.13409577	-0.004828857	-0.0015878208	0.039895844	0.019427551	0.019357013	-0.0017379099	0.027967261	-0.0546071	-0.01367911	-0.02461701	-0.02345996	0.07956852	5.892036e-06	0.007612078	0.0033052345	-0.0017946241	-0.012481934	0.001577994	-0.009089599	0.22921251	-0.03486868	0.017890958	-0.018260708	-0.07761434	-0.032189753	0.008185121	-0.0025564786	-0.029861638	-0.0008800683	0.068641126	-0.01937176	-0.018822124	-0.029635372	0.019625334	0.005566687	0.044077694	-0.07571787	-0.023496391	-0.05604459	0.047236614	-0.03393325	-0.0382581	-0.024467032	0.10522001	0.05261678	0.10238309	0.016263375	-0.06577701	0.04348547	-0.11648144	0.051709577	-0.018479668	-0.015903149	-0.03962521	0.10604225	0.04544932	-0.03920384	0.011097841	0.019627709	-0.046391364	-0.0056487075	-0.16253778	0.006510092	0.0010212733	0.0033702487	0.041353554	1.8199749e-07	0.099429615	-0.12642924	0.0071078083	-0.019049143	0.015120415	0.017213926	-0.027560538	-0.04790137	-0.027842373	0.035778243	-0.09853662	0.010079214	0.018675964	0.007080386	-0.03759966	0.07681791	0.04606274	0.011563061	-0.04104455	-0.033272743	0.040844277	0.004849417	-0.010261816	-0.07999468	0.0016892118	-0.001633192	0.026866242	0.06511862	-0.02975451	0.051251132	-0.12311085	-0.010238167	-0.056497153	0.102873825	-0.067915715	0.030447895	0.021187656	0.023884064	-0.051501848	-0.10667399	-0.021424271	-0.021573305	0.067819014	0.057251737	-0.015745996	-0.027566446	-0.07952031	0.051606547	-0.0076290243	-0.048715647	0.012029546	-0.031286605	-0.004351492	-0.0027747168	0.0060320427	0.045836426	-0.014393394	0.03139434	-0.029008672	-0.009061414	0.008848445	-0.018347964	0.0024836224	0.06699645	-0.003410271	0.03647671	0.0043633427	-0.025498692	0.012208032	0.011236245	-0.07670691	0.02895514	0.019341309	-0.0044869	0.02381604	0.015626866	0.027142337	0.0027019733	-0.009680094	-0.0292457	0.09218686	-0.0017420707	-0.02500367	0.12204215	0.07517346	0.021980463	-0.04449659	0.14113478	0.024459556	-0.019067211	-0.026888335	0.027195966	-0.0015331755	0.024841828	-0.006142461	6.86883e-07	0.00475982	-0.023029754	0.037871417	-0.020649105	0.0006994302	-0.06438304	0.11475271	-0.01469537	0.0034614105	0.007292023	-0.059130657	0.023552133	0.0294504	-0.008850923	-0.034020722	-0.020743815	-0.03419123	-0.068715505	-0.0029394387	0.022872526	-0.0570892	-0.013747272	-0.0041431463	0.015262654	0.03899259	-0.01838797	0.044233575	-0.0454714	0.0288455	-0.07818055	-0.010998551	0.022141954	0.04712348	-0.036182318	0.03946575	-0.23225558	-0.038590576	-0.017158637	-0.015270881	-0.07885668	0.01446534	-0.018461859	0.022017388	-0.011601359	0.051862154	0.009024051	0.022295663	-0.016580015	-0.009626294	0.0060502137	-0.05007615	0.005795558	-0.015774136	-0.029906053	-0.06570693	0.040428806	-0.012163614	-0.0757849	0.017277129	0.045206185	-0.048466574	0.07126557	-0.0057007424	-0.03319119
-0.09401148	-0.089705065	-0.017875288	-0.027230272	-0.013249757	0.013259774	-0.0862175	-0.07050936	0.06563789	-0.0022155144	0.0036694012	0.019466892	-0.023469372	-0.0154535435	0.056097332	0.0015228834	0.008199085	0.22229785	0.055343475	-0.012267049	0.052933488	0.08151517	-0.037263162	-0.01021788	-0.07389878	0.047619298	0.022024315	-0.0006532869	0.015859198	-0.019781997	0.081206955	-0.030911826	0.011374885	0.006723525	0.17517766	0.05800093	-0.041295182	0.021619052	-0.0024958854	-0.008411754	-0.008189332	0.02721072	-0.0045470116	-0.0027852254	-0.007097984	0.009561671	-0.043330792	-0.00493434	0.13000472	-0.046536542	0.019705879	-0.04922437	0.0082565695	-0.0018843345	0.0017618446	0.059702396	0.028809134	0.018543344	-0.0032389015	-0.022818103	0.07645299	0.0030885527	-0.0057954392	-0.016098823	-0.05771795	0.0025303573	0.009075678	0.17324501	0.041414954	-0.13307855	-0.07480973	0.00081007095	0.021081932	0.017484726	-0.0019211192	0.04787235	-0.013738313	-0.022638327	-0.02248404	0.0043201908	-0.07000293	0.021271698	0.050275754	0.047164086	-0.040170483	0.04346773	-0.01680773	0.1270588	0.103190616	-0.018122455	0.02453632	-0.05612403	-0.108086	-0.016684877	-0.086005695	-0.028770141	-0.0054865708	0.032983772	0.03990329	0.045355283	-0.001956318	-0.02845653	0.0075288224	0.022633366	0.01611469	0.009350215	-0.06205589	0.031468343	0.02363768	-0.0041770213	-0.014017047	-0.00051778596	-0.004260465	-0.023460815	0.020848898	0.06723273	-0.047227353	-0.022587007	0.08107979	-0.055423994	-0.033223435	0.0064598056	-0.049379453	-0.04069741	-0.000965024	-0.019027064	-0.018620478	1.5750487e-06	0.040364992	0.08997779	0.029014032	0.023679914	0.01768192	-0.009863454	0.0026695444	-0.03141334	-0.053477738	0.013947434	-0.0016267461	-0.012733468	0.058470413	-0.039876673	-0.047092125	-0.118565604	0.05337348	-0.012992352	0.079398684	-0.03269748	-0.04608555	-0.10079204	0.0031397478	0.030489095	0.033544417	0.052273475	0.0028916553	0.019196887	0.13446681	-0.004648654	-0.00087837485	0.03966845	0.019607473	0.019429479	-0.003659722	0.02772585	-0.056837603	-0.013323956	-0.023725083	-0.02224626	0.08172448	-0.00062572584	0.0062810793	0.0036257405	-0.001778446	-0.014687899	-0.00034282854	-0.006430679	0.22820991	-0.036614265	0.019078042	-0.01732129	-0.078003354	-0.035628572	0.008601922	-0.0023809602	-0.029807515	0.0008001863	0.06979563	-0.020804938	-0.016541336	-0.028169602	0.018087303	0.006426339	0.04444859	-0.074559174	-0.023883011	-0.056481875	0.04729046	-0.038054276	-0.04136759	-0.025435606	0.100329444	0.050975326	0.10132018	0.015716596	-0.06482165	0.04196182	-0.118298724	0.049659897	-0.019332053	-0.015784534	-0.0386285	0.1059422	0.044986106	-0.039307397	0.011210166	0.018760249	-0.04589417	-0.0071849287	-0.16341308	0.0066645723	0.00027831356	0.0023998867	0.039809883	3.8439677e-07	0.10029239	-0.12626055	0.008683676	-0.019644983	0.01596457	0.01681603	-0.0274925	-0.045669105	-0.026804307	0.037510216	-0.095984176	0.0101103755	0.017065518	0.00646824	-0.040355682	0.07779318	0.046746634	0.0110696945	-0.040429585	-0.035029404	0.039828576	0.0052650934	-0.008728903	-0.07940242	0.0032016025	0.0003862663	0.027990043	0.06649225	-0.030492608	0.048511676	-0.12338316	-0.009785904	-0.057919636	0.10431254	-0.07079768	0.030094445	0.02208075	0.023350406	-0.05206402	-0.10425804	-0.022760801	-0.020074045	0.067354426	0.0594362	-0.014511781	-0.028486198	-0.077952966	0.05115979	-0.010378678	-0.04674791	0.011109022	-0.030951638	-0.0035350313	-0.0027407114	0.006361646	0.046986796	-0.013231152	0.03329614	-0.02786034	-0.008844921	0.010402048	-0.017253637	0.00079383445	0.067393996	-0.0028109157	0.03558603	0.0032140343	-0.025886793	0.011191554	0.010841051	-0.07582116	0.030236764	0.019738222	-0.003906936	0.026901154	0.015578552	0.024363434	0.0015911575	-0.009261551	-0.029255997	0.08887893	-0.0028719828	-0.02579585	0.12419421	0.07433243	0.023678606	-0.045165688	0.14318077	0.024328666	-0.018385855	-0.029207101	0.026652195	-0.0020958888	0.024097916	-0.003691025	7.940812e-07	0.004199142	-0.021474143	0.0372326	-0.021132462	0.0035689287	-0.06190531	0.11601199	-0.014134479	0.0017459774	0.004932149	-0.057212524	0.024447003	0.027779523	-0.009849012	-0.034211308	-0.019549701	-0.03418406	-0.06400745	-0.0026221655	0.02254423	-0.05502224	-0.015210008	-0.0031470146	0.011317449	0.03923599	-0.017833132	0.04093943	-0.0457053	0.031128474	-0.07773318	-0.01206454	0.02237914	0.045814957	-0.03858201	0.037672393	-0.23140344	-0.037011057	-0.017412528	-0.012876523	-0.0802016	0.013091081	-0.01564345	0.024477217	-0.012437802	0.05404697	0.007965944	0.019513471	-0.015008108	-0.007804061	0.0071952282	-0.048422504	0.0045637432	-0.015483094	-0.027459934	-0.066865854	0.03789196	-0.011506106	-0.07726263	0.018881205	0.041857	-0.047152188	0.074164495	-0.0066096736	-0.034740813
-0.09200305	-0.09968819	-0.016121862	-0.021937774	-0.017075842	0.015750153	-0.085597984	-0.0725403	0.07066928	-0.009564985	-0.0019089328	0.013437198	-0.022987004	-0.0129843885	0.056223005	-0.0030950757	0.007952264	0.2095241	0.06392389	-0.016877327	0.054308325	0.08004595	-0.042287324	-0.014444255	-0.06979895	0.042400308	0.025333498	0.0063856156	0.01659064	-0.01683136	0.08410872	-0.03020765	0.0051134103	0.006034459	0.18208456	0.059820972	-0.03727133	0.022309415	-0.0036174844	-0.008672457	-0.0062577734	0.03651445	-0.009207707	0.0018422339	-0.005103632	0.010695487	-0.041685123	0.0012603119	0.13074048	-0.04316863	0.028739858	-0.049222168	0.009680266	0.004058736	-0.0022161752	0.06617296	0.027867522	0.023883974	-0.0054929852	-0.026776403	0.07496447	-0.0057244236	-0.0028007375	-0.01821111	-0.06735495	-0.0028816487	0.011113452	0.17025127	0.03795642	-0.13975954	-0.081216365	-0.0022075386	0.017012898	0.012394038	0.0046749795	0.053703677	-0.00787462	-0.01828595	-0.024401614	0.00043489086	-0.07119418	0.022045422	0.040045384	0.041924432	-0.04060683	0.042778436	-0.021112517	0.13563079	0.099659145	-0.018696386	0.029177748	-0.058269948	-0.11203594	-0.017407713	-0.08709611	-0.02665911	-0.0004991415	0.03262167	0.04305862	0.03494641	-0.0021652502	-0.034889918	0.0070052077	0.021625008	0.012149435	0.013142155	-0.06520758	0.031799126	0.020998329	0.00026454742	-0.011929166	-0.005842936	-0.0064032995	-0.020480188	0.017252052	0.06820196	-0.054220363	-0.031823304	0.08655003	-0.04935073	-0.03665535	0.0064376146	-0.04683238	-0.043318707	-0.00255705	-0.01636887	-0.019693863	1.6592584e-06	0.037337806	0.09659506	0.02529601	0.015289391	0.015972672	-0.008457024	0.0060634934	-0.024667148	-0.050335646	0.012309371	-0.0064144814	-0.008558687	0.054756176	-0.039361637	-0.044628095	-0.110925384	0.05833655	-0.010402019	0.07494845	-0.030630672	-0.052336566	-0.095307216	-0.0034624836	0.03017593	0.03387033	0.046184618	0.0046197227	0.02035044	0.13076416	-0.0048822565	-0.0060205525	0.037412394	0.0153135555	0.01986717	0.0028288488	0.029266171	-0.057464246	-0.011494406	-0.023728792	-0.02976226	0.080626406	0.0073489225	0.008577874	-0.0054860637	0.0042717964	-0.015039628	0.0078210905	-0.007451049	0.23105122	-0.035098102	0.016731193	-0.020933088	-0.08440723	-0.030488662	0.008653694	-0.0069027	-0.028943107	9.341273e-05	0.06683072	-0.019840278	-0.023469517	-0.027924297	0.020752126	0.006443386	0.049141884	-0.07133826	-0.015873898	-0.05400667	0.052106608	-0.029447353	-0.041604925	-0.023461342	0.10243158	0.04956451	0.1047413	0.0100674145	-0.0696226	0.04080751	-0.11632402	0.057753135	-0.021298429	-0.009799773	-0.040927332	0.11434619	0.050859064	-0.03867233	0.012334983	0.026508303	-0.04952002	-0.012552416	-0.16262835	0.008231068	0.001373179	0.007114523	0.037196275	3.997135e-07	0.098939486	-0.119159065	0.010915461	-0.016696887	0.0067762965	0.018674375	-0.02633995	-0.036744323	-0.025340175	0.037412908	-0.09857735	0.010745439	0.016513957	0.014346265	-0.04339154	0.07703737	0.03757024	0.014228237	-0.031820975	-0.03141515	0.037016552	0.0067815115	-0.010021948	-0.07977357	0.012188414	-0.0011387906	0.017596575	0.07436089	-0.027846359	0.056990627	-0.11798827	-0.0063482067	-0.05705574	0.10422011	-0.069363296	0.02510397	0.02096921	0.025636464	-0.041348666	-0.10174054	-0.026828125	-0.023408398	0.07292247	0.055749927	-0.013194422	-0.028461108	-0.07811166	0.04620924	-0.0157611	-0.054204613	0.0068311207	-0.026014067	-0.009818076	-0.0065823877	0.0013556972	0.04662204	-0.011758571	0.03635214	-0.030972913	-0.014449761	0.014922546	-0.018369135	0.0082850205	0.069674544	1.9715664e-05	0.037673928	0.008651084	-0.02832603	0.017846422	0.007428335	-0.08163418	0.031824436	0.027689468	-0.0074488376	0.01989519	0.013573883	0.032369524	0.0024213835	-0.004614373	-0.024183672	0.080995426	0.00020735331	-0.027557239	0.12553015	0.07228669	0.01843721	-0.045944937	0.13681665	0.014852062	-0.012726053	-0.027349176	0.03016927	0.00016455258	0.02055117	-0.0049671885	8.097907e-07	0.0020724668	-0.019153098	0.037527535	-0.026148954	0.0054858783	-0.06449137	0.11018404	-0.009426408	0.0057829716	0.008094051	-0.05921766	0.019103702	0.027362011	-0.009085253	-0.036738567	-0.014851466	-0.035947368	-0.06491873	-0.0015602519	0.021922318	-0.0564521	-0.01789276	-0.008101497	0.011578876	0.039364267	-0.025345244	0.0342477	-0.04319942	0.04112425	-0.075275466	-0.010575075	0.0237007	0.046634663	-0.031857893	0.034445792	-0.23231883	-0.036743704	-0.013709983	-0.010578727	-0.078445874	0.013807811	-0.006241083	0.01412469	-0.019119164	0.050153248	0.004549575	0.018483134	-0.016808905	-0.009433612	0.003687326	-0.04541075	0.010624073	-0.01768967	-0.032086823	-0.065572895	0.040957864	-0.011434913	-0.0774617	0.022214457	0.04312762	-0.047076564	0.06456252	-0.003391519	-0.03311637
-0.09200305	-0.09968819	-0.016121862	-0.021937774	-0.017075842	0.015750153	-0.085597984	-0.0725403	0.07066928	-0.009564985	-0.0019089328	0.013437198	-0.022987004	-0.0129843885	0.056223005	-0.0030950757	0.007952264	0.2095241	0.06392389	-0.016877327	0.054308325	0.08004595	-0.042287324	-0.014444255	-0.06979895	0.042400308	0.025333498	0.0063856156	0.01659064	-0.01683136	0.08410872	-0.03020765	0.0051134103	0.006034459	0.18208456	0.059820972	-0.03727133	0.022309415	-0.0036174844	-0.008672457	-0.0062577734	0.03651445	-0.009207707	0.0018422339	-0.005103632	0.010695487	-0.041685123	0.0012603119	0.13074048	-0.04316863	0.028739858	-0.049222168	0.009680266	0.004058736	-0.0022161752	0.06617296	0.027867522	0.023883974	-0.0054929852	-0.026776403	0.07496447	-0.0057244236	-0.0028007375	-0.01821111	-0.06735495	-0.0028816487	0.011113452	0.17025127	0.03795642	-0.13975954	-0.081216365	-0.0022075386	0.017012898	0.012394038	0.0046749795	0.053703677	-0.00787462	-0.01828595	-0.024401614	0.00043489086	-0.07119418	0.022045422	0.040045384	0.041924432	-0.04060683	0.042778436	-0.021112517	0.13563079	0.099659145	-0.018696386	0.029177748	-0.058269948	-0.11203594	-0.017407713	-0.08709611	-0.02665911	-0.0004991415	0.03262167	0.04305862	0.03494641	-0.0021652502	-0.034889918	0.0070052077	0.021625008	0.012149435	0.013142155	-0.06520758	0.031799126	0.020998329	0.00026454742	-0.011929166	-0.005842936	-0.0064032995	-0.020480188	0.017252052	0.06820196	-0.054220363	-0.031823304	0.08655003	-0.04935073	-0.03665535	0.0064376146	-0.04683238	-0.043318707	-0.00255705	-0.01636887	-0.019693863	1.6592584e-06	0.037337806	0.09659506	0.02529601	0.015289391	0.015972672	-0.008457024	0.0060634934	-0.024667148	-0.050335646	0.012309371	-0.0064144814	-0.008558687	0.054756176	-0.039361637	-0.044628095	-0.110925384	0.05833655	-0.010402019	0.07494845	-0.030630672	-0.052336566	-0.095307216	-0.0034624836	0.03017593	0.03387033	0.046184618	0.0046197227	0.02035044	0.13076416	-0.0048822565	-0.0060205525	0.037412394	0.0153135555	0.01986717	0.0028288488	0.029266171	-0.057464246	-0.011494406	-0.023728792	-0.02976226	0.080626406	0.0073489225	0.008577874	-0.0054860637	0.0042717964	-0.015039628	0.0078210905	-0.007451049	0.23105122	-0.035098102	0.016731193	-0.020933088	-0.08440723	-0.030488662	0.008653694	-0.0069027	-0.028943107	9.341273e-05	0.06683072	-0.019840278	-0.023469517	-0.027924297	0.020752126	0.006443386	0.049141884	-0.07133826	-0.015873898	-0.05400667	0.052106608	-0.029447353	-0.041604925	-0.023461342	0.10243158	0.04956451	0.1047413	0.0100674145	-0.0696226	0.04080751	-0.11632402	0.057753135	-0.021298429	-0.009799773	-0.040927332	0.11434619	0.050859064	-0.03867233	0.012334983	0.026508303	-0.04952002	-0.012552416	-0.16262835	0.008231068	0.001373179	0.007114523	0.037196275	3.997135e-07	0.098939486	-0.119159065	0.010915461	-0.016696887	0.0067762965	0.018674375	-0.02633995	-0.036744323	-0.025340175	0.037412908	-0.09857735	0.010745439	0.016513957	0.014346265	-0.04339154	0.07703737	0.03757024	0.014228237	-0.031820975	-0.03141515	0.037016552	0.0067815115	-0.010021948	-0.07977357	0.012188414	-0.0011387906	0.017596575	0.07436089	-0.027846359	0.056990627	-0.11798827	-0.0063482067	-0.05705574	0.10422011	-0.069363296	0.02510397	0.02096921	0.025636464	-0.041348666	-0.10174054	-0.026828125	-0.023408398	0.07292247	0.055749927	-0.013194422	-0.028461108	-0.07811166	0.04620924	-0.0157611	-0.054204613	0.0068311207	-0.026014067	-0.009818076	-0.0065823877	0.0013556972	0.04662204	-0.011758571	0.03635214	-0.030972913	-0.014449761	0.014922546	-0.018369135	0.0082850205	0.069674544	1.9715664e-05	0.037673928	0.008651084	-0.02832603	0.017846422	0.007428335	-0.08163418	0.031824436	0.027689468	-0.0074488376	0.01989519	0.013573883	0.032369524	0.0024213835	-0.004614373	-0.024183672	0.080995426	0.00020735331	-0.027557239	0.12553015	0.07228669	0.01843721	-0.045944937	0.13681665	0.014852062	-0.012726053	-0.027349176	0.03016927	0.00016455258	0.02055117	-0.0049671885	8.097907e-07	0.0020724668	-0.019153098	0.037527535	-0.026148954	0.0054858783	-0.06449137	0.11018404	-0.009426408	0.0057829716	0.008094051	-0.05921766	0.019103702	0.027362011	-0.009085253	-0.036738567	-0.014851466	-0.035947368	-0.06491873	-0.0015602519	0.021922318	-0.0564521	-0.01789276	-0.008101497	0.011578876	0.039364267	-0.025345244	0.0342477	-0.04319942	0.04112425	-0.075275466	-0.010575075	0.0237007	0.046634663	-0.031857893	0.034445792	-0.23231883	-0.036743704	-0.013709983	-0.010578727	-0.078445874	0.013807811	-0.006241083	0.01412469	-0.019119164	0.050153248	0.004549575	0.018483134	-0.016808905	-0.009433612	0.003687326	-0.04541075	0.010624073	-0.01768967	-0.032086823	-0.065572895	0.040957864	-0.011434913	-0.0774617	0.022214457	0.04312762	-0.047076564	0.06456252	-0.003391519	-0.03311637
-0.089567214	-0.097700156	-0.012582726	-0.023435755	-0.017922556	0.013145451	-0.08390031	-0.07470257	0.07189838	-0.007931687	-0.0010566732	0.009040445	-0.022021638	-0.012267319	0.058335274	-0.00511617	0.0071519064	0.21020903	0.06193256	-0.019820977	0.052186266	0.08350297	-0.04278299	-0.014558202	-0.067425005	0.041088995	0.027909463	0.005886284	0.017832672	-0.018008688	0.08135976	-0.02856738	0.000992956	0.0050299196	0.18365781	0.061683673	-0.036742445	0.020563424	-0.0008249754	-0.009027086	-0.007179237	0.03725141	-0.0077587757	0.00077239214	-0.005068322	0.0078752255	-0.03772571	0.0036763817	0.12925859	-0.043715164	0.030523866	-0.05014175	0.010517275	0.0019890028	-0.002662253	0.066054426	0.02715285	0.024945933	-0.0068805804	-0.024927545	0.07282117	-0.0060792407	-0.0043979934	-0.017942945	-0.06584413	-0.0026237231	0.011092437	0.17051327	0.035953064	-0.1418054	-0.078982376	-0.0033047628	0.017763244	0.015646385	0.00615242	0.05525043	-0.0053551206	-0.017333074	-0.021119772	0.0002254335	-0.0677801	0.019248636	0.03813755	0.040088315	-0.043567255	0.04125198	-0.020466488	0.13410063	0.09777362	-0.020437602	0.030962646	-0.057887293	-0.11106059	-0.01863968	-0.084557876	-0.028228756	-0.0010828127	0.033140887	0.040857125	0.033802066	-0.000987645	-0.032942872	0.009073336	0.023035876	0.013429272	0.013719823	-0.065857746	0.030873341	0.019407138	-7.667653e-05	-0.012443836	-0.007100101	-0.0073879077	-0.021786876	0.01798281	0.06800212	-0.053643648	-0.034723286	0.082185775	-0.049343966	-0.03626283	0.0066326917	-0.044696655	-0.04044996	-0.003811123	-0.015385404	-0.015058433	1.4181616e-06	0.035027474	0.09382028	0.027038092	0.015644973	0.016521633	-0.0069437544	0.0053324113	-0.02256632	-0.05004097	0.011903519	-0.0049805837	-0.007449036	0.055801	-0.040806472	-0.041805096	-0.109282255	0.05847224	-0.0113374	0.07771547	-0.027483933	-0.055401407	-0.09725586	-0.0038957198	0.027737295	0.03428726	0.04156911	0.0024211197	0.019195784	0.1306576	-0.005302453	-0.0046753925	0.037376102	0.01763177	0.01808058	0.0039255754	0.028672365	-0.05735294	-0.0145222	-0.021704901	-0.026631206	0.08403697	0.008900166	0.009368552	-0.0066861827	0.0036887552	-0.013376404	0.0047387592	-0.0052852817	0.22845778	-0.03914769	0.018365312	-0.022172706	-0.08377564	-0.029176006	0.009922548	-0.0053068255	-0.026943525	0.0009774163	0.06670742	-0.01791583	-0.026560428	-0.028243069	0.020677615	0.0093212575	0.051773537	-0.07025556	-0.014686998	-0.05532034	0.052897695	-0.02779921	-0.040442027	-0.022650216	0.10363592	0.04867949	0.105853625	0.010253355	-0.07076021	0.042915978	-0.11892993	0.059277512	-0.022012472	-0.0065174694	-0.04286546	0.11511146	0.051675282	-0.038207762	0.007644067	0.027052533	-0.051843308	-0.010180657	-0.16357948	0.008137304	0.00069533294	0.008461193	0.040202174	3.3489272e-07	0.09981824	-0.1193449	0.01242466	-0.015578362	0.010324906	0.018455643	-0.026168996	-0.037293036	-0.025065623	0.039068427	-0.10257927	0.009310112	0.01840177	0.011918684	-0.043402757	0.07624383	0.040286478	0.014452262	-0.032869987	-0.028158536	0.037694152	0.009409022	-0.0105758095	-0.082443185	0.013806622	-0.001577425	0.015082396	0.0736966	-0.030210527	0.05816894	-0.12036012	-0.007845592	-0.05389651	0.10510811	-0.06921629	0.028003225	0.02134385	0.0226396	-0.03855084	-0.10077626	-0.02911954	-0.022683099	0.073176324	0.056803692	-0.013337403	-0.030342994	-0.07882399	0.045474418	-0.016625281	-0.055394243	0.0054400456	-0.021136915	-0.012362245	-0.008151016	0.0009490885	0.050160147	-0.013275559	0.0380328	-0.03197643	-0.016281193	0.016932834	-0.018545171	0.0056211897	0.06995177	0.0012908197	0.038818534	0.010409398	-0.025946599	0.01773403	0.007826312	-0.08027661	0.0320744	0.02852515	-0.005575292	0.015292635	0.013834884	0.032971438	0.0022985851	-0.0016596876	-0.0260486	0.07973144	-0.0020794028	-0.030093309	0.12740189	0.072982684	0.017048912	-0.046189383	0.13256112	0.01480252	-0.012168241	-0.02559398	0.02891536	0.0027644436	0.01614991	-0.004577597	8.248139e-07	-0.00060704455	-0.017797226	0.035695437	-0.02555513	0.0059881657	-0.063150615	0.110555984	-0.009695534	0.00530585	0.008826745	-0.063839346	0.018954676	0.027317155	-0.008319642	-0.038346503	-0.015186597	-0.03265043	-0.06760974	-0.00096854137	0.020998012	-0.057629254	-0.01366485	-0.00970398	0.011066728	0.036443528	-0.027471552	0.037056606	-0.044453997	0.041530132	-0.07173084	-0.012947201	0.020016372	0.046750385	-0.031780723	0.03703689	-0.23417574	-0.035914626	-0.015557062	-0.009777193	-0.07681241	0.013680989	-0.008119365	0.013655451	-0.018180938	0.0502831	0.0021415402	0.018876355	-0.017507749	-0.007835944	0.0045386213	-0.045286346	0.0135335	-0.020385038	-0.032180004	-0.06598007	0.040607084	-0.013873666	-0.077344924	0.020733453	0.049588427	-0.045219127	0.06492528	-0.002327264	-0.033184066
-0.094222225	-0.09057879	-0.018204862	-0.024982473	-0.01536768	0.015066281	-0.08297585	-0.07575594	0.07030138	-0.011852486	0.00076054485	0.010315855	-0.023150375	-0.013844982	0.059179638	-0.0027366935	0.0049597207	0.20960234	0.06354417	-0.016585102	0.055058204	0.087753594	-0.04568617	-0.016752122	-0.068874285	0.041521728	0.027782071	0.0062063285	0.016274309	-0.015864776	0.0846529	-0.031884633	0.0026467815	0.005423519	0.18121636	0.058785684	-0.040080406	0.02705795	-0.0046171714	-0.009786523	-0.0055654435	0.03755339	-0.009478116	-0.0017426609	-0.0077461707	0.011800742	-0.04310192	0.0009980912	0.1292299	-0.04182749	0.03191006	-0.055536248	0.011190073	0.0053513036	-0.0034083931	0.068017736	0.029520815	0.024505822	-0.008623423	-0.023085533	0.073992305	-0.003842928	-0.004498398	-0.014938421	-0.064266354	-0.0004838269	0.012518311	0.16460313	0.041389592	-0.1416893	-0.07320911	-0.005389454	0.02025408	0.013801359	0.002876144	0.05886313	-0.008641922	-0.018797932	-0.02393033	0.002413562	-0.0683531	0.023552401	0.044254698	0.039596304	-0.04504986	0.04331897	-0.018860605	0.13437486	0.10156708	-0.019874815	0.027804753	-0.061266344	-0.10914318	-0.01894717	-0.090939276	-0.026278276	-0.00411183	0.03314646	0.042531785	0.015478584	-0.00082912616	-0.032201394	0.0022836106	0.020441081	0.014094621	0.011664016	-0.064573035	0.026737716	0.023708727	0.0014480945	-0.011652229	-0.004062917	-0.0017589726	-0.016991595	0.015217605	0.07051436	-0.056639537	-0.03220193	0.08158506	-0.056616355	-0.033555802	0.008825945	-0.046868466	-0.04283101	-0.0016120181	-0.011928217	-0.01420345	1.7238241e-06	0.033415016	0.0941676	0.024991728	0.014162338	0.018378442	-0.0079945875	0.0052672084	-0.023942748	-0.05079247	0.008362268	-0.0036117346	-0.013190785	0.054153014	-0.041490868	-0.044443157	-0.11487071	0.0572896	-0.012960404	0.08020816	-0.029890062	-0.052786727	-0.08844727	-0.00413973	0.029325146	0.03301326	0.043443237	0.004416001	0.023556989	0.12656762	-0.004099183	-0.007862395	0.033544168	0.018554263	0.017128658	0.0054097218	0.028722445	-0.05548862	-0.013118184	-0.019780444	-0.02422848	0.08147848	0.0055977507	0.007737502	-8.0182646e-05	0.0046057496	-0.012434087	0.0011382493	-0.006508362	0.23147756	-0.038522616	0.017021567	-0.025990484	-0.07894146	-0.030965744	0.008370999	-0.004668165	-0.028521167	-0.0018029028	0.06885133	-0.022240842	-0.02351251	-0.02942564	0.019480864	0.0152686	0.053426817	-0.06929937	-0.015030446	-0.056969725	0.05421642	-0.030578379	-0.042269763	-0.021935705	0.108886614	0.051777005	0.10115123	0.010695282	-0.07221273	0.04398694	-0.120069966	0.05920469	-0.024178702	-0.006222097	-0.040974006	0.10893791	0.053467747	-0.03680335	0.011146043	0.023914656	-0.050418645	-0.013219594	-0.16339831	0.009954211	-0.00271042	0.009731042	0.042765718	4.6329694e-07	0.10021836	-0.11889182	0.012148978	-0.014701791	0.011046391	0.018929457	-0.028225297	-0.035238057	-0.027570758	0.033556905	-0.098977864	0.010446939	0.0160044	0.013108793	-0.03950219	0.078689516	0.035613272	0.011871372	-0.0435187	-0.031555332	0.03571542	0.0038958357	-0.012086882	-0.08523696	0.015053652	-0.0029444897	0.023996165	0.07118559	-0.031144222	0.05723816	-0.120663516	-0.0098515265	-0.056067634	0.1051371	-0.07032782	0.026959345	0.02621425	0.017780816	-0.042133175	-0.10074522	-0.029567141	-0.020835226	0.07217172	0.059588574	-0.014364418	-0.030342264	-0.079171196	0.04578499	-0.017617816	-0.05668232	-0.00047182012	-0.024155367	-0.014200488	-0.0073243557	0.001302917	0.04631785	-0.010744168	0.041005407	-0.03301478	-0.014204544	0.01582999	-0.01777861	0.009101587	0.07082272	0.0005360285	0.03988405	0.0131474305	-0.025151975	0.019457618	0.009620749	-0.073762655	0.03456536	0.025014697	-0.0023142484	0.021301197	0.0110195605	0.02957123	0.0020591638	-0.007271409	-0.02047311	0.08624374	-0.0014074518	-0.025882693	0.12727682	0.06926475	0.014800279	-0.044092122	0.13507265	0.016173165	-0.013798013	-0.026926959	0.03154005	0.004189614	0.018115442	-0.0065062395	7.515579e-07	0.00296543	-0.020595158	0.03771521	-0.02522069	0.004992092	-0.06611576	0.104439534	-0.006462363	0.0023979275	0.0074397177	-0.062070727	0.021089878	0.030669877	-0.003726924	-0.03754051	-0.014822562	-0.029606009	-0.06495855	-0.0026465373	0.019960688	-0.058862906	-0.015172429	-0.008139309	0.010116008	0.038476307	-0.025646105	0.037951116	-0.04046861	0.039191388	-0.07370589	-0.011389799	0.020000022	0.048428133	-0.030253988	0.034456383	-0.2287999	-0.04135626	-0.014791238	-0.007996679	-0.07550115	0.016838698	-0.008610375	0.017900735	-0.015551894	0.050984763	0.0053515052	0.016449563	-0.016263617	-0.007057159	0.002601715	-0.046445098	0.012611789	-0.020268543	-0.032228008	-0.06801508	0.043214533	-0.015505009	-0.07649154	0.022350553	0.04210846	-0.050567083	0.06347108	-0.00025292736	-0.032248814
-0.09054548	-0.09181434	-0.019251436	-0.02850349	-0.011458003	0.014668467	-0.087009765	-0.070121385	0.06365555	-0.0019356832	0.007759756	0.022801584	-0.025479939	-0.016561624	0.058485284	0.00385758	0.010359248	0.22629893	0.0506917	-0.01031382	0.053619906	0.077444434	-0.03482761	-0.00917443	-0.07641321	0.0495856	0.019917559	-0.0016223444	0.01271466	-0.0195293	0.08175319	-0.027614182	0.009100012	0.0061645387	0.17470591	0.057100333	-0.046464633	0.022147302	-0.004767819	-0.008427712	-0.012198834	0.025805434	-0.0046308762	-0.0035486857	-0.0073268204	0.009115976	-0.04798526	-0.0056502246	0.13322267	-0.04722175	0.016316421	-0.05059078	0.0073245573	-0.003196634	0.0017374558	0.053064227	0.027593035	0.015752308	-7.923313e-05	-0.02203473	0.07651077	0.0045449394	-0.0047168043	-0.016711816	-0.056293372	0.0023135894	0.008186666	0.17341352	0.04420083	-0.13135949	-0.07095232	0.0017373828	0.02304441	0.018719405	-0.0031411655	0.046588153	-0.019717159	-0.022942778	-0.023494657	0.005372335	-0.07227081	0.019421907	0.05374395	0.050176907	-0.042086933	0.04725555	-0.016162667	0.12622492	0.10426766	-0.017655555	0.020096552	-0.052759483	-0.106176466	-0.014219595	-0.08229409	-0.028730169	-0.009140941	0.032746926	0.036182526	0.024207132	-0.0028521433	-0.027462287	0.003399224	0.020833112	0.016534066	0.007300263	-0.062368147	0.026916312	0.023686726	-0.0027704665	-0.011704433	0.0010439873	-0.00027188385	-0.02499625	0.02090402	0.06534415	-0.04629118	-0.021394804	0.07787796	-0.054501157	-0.031550083	0.0070616356	-0.051224135	-0.042552445	0.0030076446	-0.01541017	-0.01928418	1.1762303e-06	0.0395758	0.08683484	0.029820226	0.02335001	0.019192528	-0.011848088	0.0014023064	-0.034154534	-0.05281858	0.01099346	-0.003684829	-0.016078334	0.0589671	-0.04103894	-0.04662654	-0.11723773	0.05761865	-0.016644435	0.07728002	-0.036098942	-0.045637388	-0.10511349	0.005321841	0.031402346	0.03307973	0.053590406	0.0005587482	0.020821845	0.13697222	-0.004612071	-0.00033315737	0.038883753	0.018234096	0.019345075	-0.0043358365	0.02898349	-0.05192093	-0.01256766	-0.023855587	-0.020656893	0.07754772	-0.004247698	0.0060991216	0.007256222	-0.0033162448	-0.012184011	-0.00017698857	-0.010093758	0.22887354	-0.03219797	0.019577805	-0.0154390475	-0.07704271	-0.034241945	0.007868588	-0.0020563644	-0.030879457	-0.0015001113	0.0682143	-0.020966675	-0.013338632	-0.031271268	0.017978827	0.0059253746	0.04124387	-0.07448548	-0.02711386	-0.055088744	0.047941208	-0.03662881	-0.037141584	-0.025674999	0.09959332	0.052222002	0.098601975	0.0173981	-0.06500879	0.04288657	-0.11581506	0.04762467	-0.015963485	-0.018515188	-0.037264764	0.10495426	0.04391987	-0.03860785	0.01301017	0.01719891	-0.04432608	-0.004396588	-0.16331282	0.0030720483	0.0014032985	0.00095845084	0.040934213	1.3945898e-07	0.10073976	-0.12985232	0.0047726394	-0.017739123	0.016193656	0.017674197	-0.025048915	-0.05104586	-0.027087616	0.03705868	-0.09576247	0.010670407	0.016239943	0.0035822163	-0.03455458	0.078640565	0.04691395	0.012019774	-0.04313179	-0.034698386	0.040644415	0.0019646243	-0.009390174	-0.07965507	-0.0025942228	0.0006527683	0.028843036	0.0652022	-0.032089412	0.04719626	-0.12101219	-0.011821967	-0.057829358	0.1040879	-0.06684342	0.03279517	0.02002303	0.024975136	-0.05614093	-0.10712737	-0.018405043	-0.020312747	0.06618295	0.059721325	-0.01611533	-0.027549509	-0.07583771	0.05274283	-0.005986591	-0.046504144	0.013428745	-0.034401033	-0.00038514225	-0.00012458836	0.0058563044	0.045345016	-0.012402213	0.031167928	-0.027690148	-0.0065358183	0.007820297	-0.019008966	0.0016161093	0.06701661	-0.0018145809	0.0343431	0.0010327623	-0.026437936	0.010538299	0.012551667	-0.076664485	0.029633652	0.01690594	-0.0056774267	0.026572304	0.018433392	0.02448461	0.0018412961	-0.0117077865	-0.028467309	0.094220154	-0.0039581265	-0.023325773	0.12242251	0.0766173	0.025608078	-0.042028602	0.14352253	0.025851857	-0.019496083	-0.025374684	0.027029485	-0.0034787718	0.027381001	-0.006100923	6.5441515e-07	0.0060006096	-0.025005016	0.03959841	-0.016142525	0.0008946206	-0.06695161	0.115720406	-0.016450485	0.0019645588	0.00753484	-0.057546232	0.024758706	0.029591145	-0.010697441	-0.03355347	-0.021247156	-0.035346333	-0.06835082	-0.0023994592	0.022539182	-0.05629313	-0.013761064	-0.0028304218	0.013024909	0.039882086	-0.015419642	0.04381237	-0.045978677	0.025076529	-0.08013522	-0.010350766	0.024001578	0.04628099	-0.038052715	0.040558316	-0.23443277	-0.03721691	-0.017101716	-0.0145890415	-0.08041765	0.013619509	-0.021889612	0.025775142	-0.010845361	0.04875618	0.009202321	0.023446009	-0.015677545	-0.008506205	0.008194349	-0.050784513	0.0021201286	-0.013089771	-0.027766218	-0.065260366	0.038089618	-0.0124685485	-0.074784935	0.015957026	0.04393191	-0.04540718	0.0741437	-0.0059287883	-0.033153433
-0.09106624	-0.092986465	-0.0181461	-0.026446367	-0.011969363	0.014002679	-0.08633901	-0.068967514	0.065695055	-0.0005994918	0.006444713	0.024826689	-0.025593512	-0.016835093	0.05672438	0.0027275058	0.008499012	0.22951095	0.051041577	-0.01146923	0.050944686	0.07853988	-0.034241635	-0.008265314	-0.0758871	0.046358563	0.018959459	-0.001760947	0.012721663	-0.018659517	0.081865564	-0.027781552	0.008800433	0.006177384	0.17396708	0.056922164	-0.046612147	0.023256257	-0.0042359037	-0.007584463	-0.011888424	0.025505623	-0.0054395944	-0.0031838333	-0.00790692	0.0071891425	-0.046710566	-0.0038039896	0.13475904	-0.047340933	0.015972942	-0.050255768	0.006592395	-0.003987167	0.0019037768	0.05260312	0.02709746	0.01576309	-0.0016644794	-0.022692515	0.07370074	0.0050633578	-0.0063745654	-0.015505854	-0.057598956	0.003219379	0.009703411	0.17682429	0.042762138	-0.12991738	-0.06972107	0.0025660307	0.023553504	0.0196557	-0.0026934536	0.04657133	-0.01837348	-0.022726517	-0.023242123	0.005881676	-0.073114455	0.017799053	0.052559614	0.049287986	-0.040399052	0.04709841	-0.014711258	0.12577237	0.10352453	-0.018726878	0.019490479	-0.053119384	-0.1066311	-0.013149179	-0.08164213	-0.0288579	-0.006836888	0.031120703	0.034861322	0.01877641	-0.0022989498	-0.027533777	0.0028703432	0.02177876	0.016887069	0.008168178	-0.063012585	0.028010638	0.024596022	-0.0031430947	-0.013220588	0.00023963176	-0.001168976	-0.023262052	0.021423835	0.065445505	-0.045195207	-0.022410974	0.07807718	-0.056313094	-0.032410696	0.005947966	-0.049868237	-0.040417884	0.002497942	-0.015246217	-0.018146055	1.1590212e-06	0.040517375	0.087839566	0.03196805	0.02257982	0.017696036	-0.011112688	0.0021538045	-0.03389376	-0.05410485	0.01171056	-0.0043131295	-0.013290342	0.06086114	-0.040995598	-0.046061415	-0.11768015	0.05733124	-0.01495965	0.07753733	-0.03665075	-0.044756353	-0.107217096	0.0051361257	0.030415075	0.032073103	0.05363438	0.0013134651	0.02031195	0.13499153	-0.0042127785	-0.0003652673	0.0399998	0.018471587	0.019910106	-0.005137895	0.027880887	-0.052566085	-0.013384909	-0.023978803	-0.02086527	0.07676307	-0.0011594568	0.007943427	0.0057105687	-0.0030990015	-0.011747558	0.00279891	-0.007908202	0.2284334	-0.0326346	0.017844647	-0.0152859865	-0.077290565	-0.034325186	0.0075301495	-0.0015107616	-0.03044498	-0.0012610712	0.07056388	-0.020143086	-0.016844751	-0.030511573	0.018005446	0.0076689688	0.041540276	-0.07454881	-0.02721235	-0.054997776	0.046871115	-0.034549475	-0.038020477	-0.023861116	0.10113784	0.05118073	0.09861558	0.018074851	-0.06370287	0.042838816	-0.11691756	0.04868644	-0.017080834	-0.018771794	-0.038886923	0.10401846	0.044452835	-0.038141992	0.012212631	0.018279387	-0.043465253	-0.00473748	-0.16139261	0.0027037403	0.0008288655	0.001742526	0.040798977	1.0367484e-07	0.09973521	-0.13012972	0.0045277453	-0.018611418	0.015717985	0.01657257	-0.023463663	-0.05030759	-0.027592152	0.0344149	-0.096590474	0.010281659	0.019156568	0.0057421597	-0.033299636	0.07776638	0.04751775	0.013203547	-0.04147532	-0.035647873	0.041147657	0.0039523253	-0.008933359	-0.0787499	-0.0024386612	-6.772253e-05	0.029004235	0.06696299	-0.033010952	0.04865735	-0.122086085	-0.0112430155	-0.059870422	0.10317691	-0.06750646	0.031282675	0.021716872	0.024192369	-0.054242276	-0.10627379	-0.019387685	-0.021343656	0.06738263	0.059351142	-0.01594082	-0.027963152	-0.074212395	0.052002653	-0.0074026096	-0.04654213	0.011795019	-0.036404904	-0.000798128	-0.00041100275	0.005705023	0.045952085	-0.010835675	0.031314973	-0.029089471	-0.006000408	0.007828981	-0.018315317	0.0012925625	0.065522574	-0.0022884964	0.035352264	0.0024487956	-0.02734579	0.011004027	0.013597567	-0.076582454	0.02947783	0.017266532	-0.005401096	0.026549138	0.017881066	0.024960719	0.0025273657	-0.01178675	-0.030455137	0.094310716	-0.0026731514	-0.023355689	0.1208664	0.075168304	0.02351623	-0.044191923	0.14441402	0.026798697	-0.019834116	-0.027923537	0.025835315	-0.0032692314	0.027079543	-0.0048955684	6.706414e-07	0.0053275353	-0.023826588	0.038873672	-0.017818112	0.0013459264	-0.06566485	0.11695384	-0.015975362	0.0019323906	0.006834711	-0.057369772	0.023670511	0.028518954	-0.008844311	-0.03204746	-0.02303366	-0.033022206	-0.0681536	-0.0044612954	0.022566456	-0.057576045	-0.013552782	-0.00031134172	0.01416639	0.039146304	-0.016370282	0.04428519	-0.045268558	0.025976315	-0.07808463	-0.010482858	0.02394892	0.046088524	-0.038574804	0.039523855	-0.23527768	-0.038218923	-0.016814793	-0.015736416	-0.0814163	0.011870106	-0.021179063	0.024211466	-0.01096501	0.050328832	0.00930582	0.023109281	-0.016361987	-0.008664862	0.00896972	-0.051162563	0.0007973354	-0.013569736	-0.026092941	-0.06477257	0.037904646	-0.012345566	-0.07520337	0.016781427	0.044720795	-0.046080947	0.072950885	-0.0063839164	-0.033961155
-0.09196359	-0.10067726	-0.014077686	-0.022610208	-0.017797759	0.015260816	-0.085235715	-0.075165465	0.0692586	-0.011515822	-0.0023479743	0.006124452	-0.024020184	-0.010758087	0.05535186	-0.004556921	0.0059624324	0.2010642	0.064982735	-0.020680929	0.0560843	0.083258845	-0.045763347	-0.014589405	-0.065625705	0.040022925	0.030087622	0.009576533	0.02192958	-0.016610062	0.079499654	-0.028222416	0.0064509776	0.0067460453	0.18241923	0.057767767	-0.03332593	0.019422501	-0.003485679	-0.009066856	-0.0053639766	0.041480664	-0.010554977	0.0010115413	-0.0037156811	0.011129026	-0.037955213	0.0029864265	0.12362477	-0.040540017	0.028443767	-0.04985948	0.010350859	0.0020137238	-0.002913848	0.067778185	0.028422276	0.027127538	-0.007993185	-0.025908953	0.073798485	-0.005998252	-0.0061683	-0.016650373	-0.066936575	-0.0019719906	0.01160718	0.16951099	0.036866296	-0.14549308	-0.08441449	-0.004019903	0.01667514	0.01287143	0.007486406	0.05472203	-0.0052790022	-0.01866621	-0.023708012	-0.0008879694	-0.06722556	0.020388108	0.035185497	0.036455367	-0.045329493	0.039342683	-0.02041164	0.13667674	0.09759679	-0.020389656	0.03027037	-0.05629178	-0.11152849	-0.01753861	-0.08575274	-0.026292404	-0.00036485508	0.033534784	0.04501147	0.029302651	-0.0019588857	-0.038081743	0.009428252	0.023120914	0.0076253037	0.014492432	-0.06840496	0.030054504	0.020965587	0.002005097	-0.012591255	-0.00799641	-0.009747433	-0.02088309	0.01684706	0.068617284	-0.057725254	-0.03577555	0.08497396	-0.051627025	-0.037283592	0.0059242663	-0.04361226	-0.043673422	-0.0037132928	-0.011735483	-0.015990281	1.515898e-06	0.03653121	0.0953866	0.02378264	0.015503315	0.016015204	-0.008285384	0.009373331	-0.023778038	-0.050543375	0.011019107	-0.0067453906	-0.009118542	0.051409397	-0.041454993	-0.04333978	-0.11208386	0.06254953	-0.0097209485	0.0790106	-0.02291604	-0.057046607	-0.08883364	-0.0062611643	0.027284022	0.035882175	0.0419143	0.0056212097	0.018379265	0.12839012	-0.0053259092	-0.005532932	0.037005085	0.01607073	0.017454851	0.004943056	0.031454682	-0.06300702	-0.012774872	-0.019080242	-0.026367802	0.08199204	0.009333091	0.011786343	-0.008357624	0.004906833	-0.015237369	0.006296636	-0.008365287	0.23225525	-0.040257316	0.015892621	-0.025247192	-0.084974095	-0.026760401	0.0113146	-0.0069522606	-0.02906844	0.002851796	0.06510708	-0.019349318	-0.025633158	-0.028412908	0.021987814	0.007889298	0.053966857	-0.06897165	-0.010277449	-0.05169396	0.049942993	-0.026087288	-0.043200497	-0.024086945	0.10500672	0.05322658	0.107057706	0.009744681	-0.0736633	0.045504592	-0.1175907	0.062001746	-0.027795067	-0.005953404	-0.04173841	0.11429112	0.053067375	-0.035894096	0.012607087	0.02783499	-0.050112944	-0.0120769115	-0.15710917	0.0079896245	-0.0013759922	0.009804963	0.038487572	3.745912e-07	0.09821843	-0.115590006	0.014172818	-0.014827826	0.009937681	0.020370036	-0.02533809	-0.032728158	-0.02393209	0.038316514	-0.10262843	0.010394749	0.020963369	0.012990996	-0.045245316	0.07345015	0.038610216	0.01312865	-0.031753406	-0.029015878	0.035535626	0.0055049914	-0.013331767	-0.08421032	0.015141542	-0.004202066	0.015251062	0.074819535	-0.0290801	0.059892688	-0.11811253	-0.0069570085	-0.05668206	0.10679659	-0.07143958	0.022826288	0.02301439	0.02278238	-0.03658235	-0.09821485	-0.03124034	-0.024461655	0.07440737	0.05570622	-0.012722245	-0.032072395	-0.07941014	0.04287465	-0.019549256	-0.058345143	0.0070252437	-0.021162786	-0.01172671	-0.013376627	-0.000904776	0.04691635	-0.0133331325	0.04095374	-0.032687537	-0.019487543	0.017684959	-0.018048268	0.009545172	0.07000979	0.004729503	0.03971394	0.014350365	-0.023971418	0.02049519	0.0061101806	-0.08074679	0.030615972	0.027812848	-0.0053885705	0.01711292	0.011989292	0.03372341	0.004256216	0.00022028373	-0.02371564	0.0791517	-0.000781902	-0.029779686	0.12894107	0.07083147	0.014626089	-0.045149975	0.13529725	0.0141296275	-0.01002026	-0.02687932	0.034790955	0.003396319	0.01646207	-0.0044704243	8.1246174e-07	0.0022611534	-0.017363328	0.036421902	-0.02610248	0.0059814733	-0.061604448	0.11085587	-0.008224891	0.00331158	0.011976461	-0.062424865	0.018820906	0.02811734	-0.007947446	-0.04100133	-0.010786081	-0.036371745	-0.06444648	-0.00019305013	0.019043041	-0.054787524	-0.01628731	-0.010557772	0.009468137	0.03908789	-0.030353101	0.03547267	-0.042654667	0.042321254	-0.075903945	-0.012276141	0.022200722	0.049655896	-0.030559475	0.04070735	-0.23031276	-0.040362373	-0.014491779	-0.011167258	-0.072622746	0.017414482	-0.0063424045	0.013313679	-0.018952504	0.051079005	0.0030524328	0.016273681	-0.018256543	-0.007620581	0.003907202	-0.04431429	0.013580189	-0.018968534	-0.03346111	-0.06539068	0.047650702	-0.010630821	-0.07960102	0.024159154	0.044256456	-0.05031727	0.062389635	-0.0025716543	-0.03186267
-0.09074033	-0.09319306	-0.021337612	-0.027353127	-0.010036837	0.0143555105	-0.08740726	-0.067614704	0.062426277	-0.0008953409	0.0063753575	0.027264815	-0.025658863	-0.016801532	0.05668766	0.0038515883	0.009897785	0.2294552	0.05042326	-0.009911992	0.053199317	0.076879516	-0.035603292	-0.008081684	-0.07679579	0.04823667	0.019087782	-0.0014719939	0.012834417	-0.019902801	0.07986022	-0.029253803	0.010874279	0.0068348646	0.17031285	0.0570831	-0.04539333	0.021519475	-0.0046930024	-0.010021308	-0.011448234	0.024903625	-0.004300157	-0.0039809505	-0.0061211023	0.0077595874	-0.046188578	-0.0063429433	0.13335958	-0.04772657	0.0138143115	-0.05027972	0.006349849	-0.004544171	0.002736856	0.052586712	0.026811332	0.014162286	-0.0006461409	-0.02349064	0.07595222	0.0066920277	-0.0063440334	-0.016990101	-0.055611897	0.0019463167	0.008298224	0.17570414	0.04377311	-0.13181409	-0.07306732	0.0038109059	0.023518218	0.019495077	-0.0041130907	0.04332085	-0.018811945	-0.025893355	-0.024418423	0.0055550383	-0.073761985	0.019806232	0.053527564	0.050268512	-0.039802924	0.046007827	-0.014305944	0.124002926	0.10185824	-0.017257994	0.021047546	-0.051762518	-0.10771569	-0.0135321785	-0.08099347	-0.028563587	-0.0072342805	0.032640237	0.036074404	0.03299252	-0.0027727596	-0.026348239	0.004630271	0.022317108	0.01693619	0.0073143872	-0.062433984	0.028813913	0.024563573	-0.0039649038	-0.013156782	0.0027209444	-0.0025744627	-0.02430316	0.02081459	0.064938724	-0.043872893	-0.018820804	0.07647254	-0.05513517	-0.033254392	0.007010105	-0.052043762	-0.040455293	0.0029441607	-0.016408306	-0.019519038	1.2637284e-06	0.042330854	0.08516574	0.03218545	0.025414523	0.017757738	-0.012002633	0.0027601174	-0.03633489	-0.053971887	0.012124319	-0.0026436527	-0.013368289	0.060542982	-0.04080902	-0.04668692	-0.116946675	0.054920703	-0.015978895	0.07771386	-0.036103785	-0.04432649	-0.10724568	0.005712176	0.032319102	0.03395516	0.05571642	0.0027972208	0.020123981	0.13369633	-0.0042169443	0.0014381319	0.04090017	0.019853754	0.02036216	-0.005566192	0.025726695	-0.053259473	-0.01283338	-0.025181958	-0.021368133	0.07742633	-0.004842473	0.0082257	0.007457536	-0.0038714416	-0.01381425	0.000104467115	-0.009482487	0.2281679	-0.032651287	0.02004506	-0.015014757	-0.07666807	-0.034760255	0.008323822	-0.0006859325	-0.03045898	-0.00017231854	0.06695586	-0.020575542	-0.016234959	-0.029785668	0.018212833	0.0032622276	0.039929748	-0.076477066	-0.029619846	-0.056787126	0.045389764	-0.037329193	-0.038184278	-0.024789091	0.101992115	0.05365059	0.09931606	0.018842978	-0.063836984	0.041211322	-0.11854657	0.04754399	-0.017676845	-0.021639166	-0.03828286	0.10163098	0.043352567	-0.039140224	0.012989134	0.015040803	-0.04233927	-0.0042565875	-0.16233443	0.0039962926	0.0021702494	0.0013979664	0.042592272	1.645458e-07	0.10186776	-0.12911585	0.0034800866	-0.019101463	0.015641464	0.016876023	-0.026221503	-0.051090382	-0.027937619	0.035251122	-0.09525063	0.012651351	0.018017378	0.005394955	-0.034013882	0.078324415	0.048668534	0.013724299	-0.04212517	-0.03526605	0.04043288	0.004813233	-0.008591512	-0.07653108	-0.0041232067	0.0006851316	0.03147807	0.06358629	-0.032195106	0.045633733	-0.12091515	-0.011878692	-0.059307262	0.1021845	-0.06754881	0.03418524	0.02239215	0.024082828	-0.056216612	-0.10759884	-0.01762704	-0.020351693	0.06652913	0.057889093	-0.017255833	-0.026824169	-0.07709243	0.054562926	-0.0071381438	-0.043648496	0.012885538	-0.037016373	0.0010056708	-0.00039725244	0.008100383	0.047340997	-0.012271676	0.028679075	-0.027347198	-0.0050697085	0.0038372031	-0.01792292	-0.0010057348	0.06647975	-0.006347877	0.033770934	0.0007084655	-0.026281534	0.010870343	0.014194075	-0.07633139	0.02969155	0.018480169	-0.004189112	0.029116746	0.016914003	0.02311482	0.00419738	-0.011752507	-0.030362785	0.0953719	-0.003538886	-0.0236732	0.1208798	0.07531395	0.027790628	-0.041424572	0.14542164	0.026515529	-0.022007816	-0.027979102	0.024905462	-0.0038323298	0.027295064	-0.004486913	6.83898e-07	0.0063908803	-0.02525554	0.039842524	-0.017243845	-6.327208e-05	-0.064809024	0.11588371	-0.016575482	0.0015710625	0.006959866	-0.05697741	0.023779321	0.028904306	-0.010050851	-0.03142786	-0.023307653	-0.03430318	-0.06706291	-0.0026280726	0.02323573	-0.055480342	-0.012500558	-0.00013304761	0.016207436	0.040979628	-0.014154286	0.04504274	-0.045840297	0.024318533	-0.080906466	-0.009074711	0.024137978	0.04576187	-0.038632587	0.040480915	-0.23292553	-0.03531059	-0.017904488	-0.01483541	-0.08164322	0.013215902	-0.022974188	0.025799105	-0.010687002	0.050402194	0.010069811	0.023855472	-0.016927158	-0.01009946	0.008050956	-0.050352097	0.00060810806	-0.012982373	-0.026645191	-0.066666365	0.037586123	-0.012771203	-0.07588039	0.016478714	0.043534134	-0.046701547	0.078742154	-0.009831686	-0.033807844
-0.091060475	-0.08900933	-0.020231482	-0.029490292	-0.008767417	0.014153253	-0.08399479	-0.068827815	0.06279932	-0.00074318267	0.007242387	0.026101755	-0.026408296	-0.015959356	0.058500644	0.004127516	0.011252603	0.23032252	0.052043997	-0.008516689	0.05383373	0.0793963	-0.034875147	-0.0071699764	-0.07672144	0.04999792	0.018915914	-0.0031614143	0.011012305	-0.020685801	0.079708554	-0.028695716	0.008530372	0.005959528	0.17089576	0.05745563	-0.04690101	0.023248788	-0.00421789	-0.009049785	-0.011628592	0.023713289	-0.0039450414	-0.0047348943	-0.008077017	0.008104086	-0.047281332	-0.0075688986	0.13437542	-0.047247004	0.01526216	-0.049184646	0.006516732	-0.0037676909	0.003718543	0.05224972	0.02915831	0.015426605	0.0008381313	-0.021175813	0.076226175	0.0058027585	-0.0062740343	-0.016697947	-0.053763263	0.0027893975	0.0077144303	0.17429398	0.043054834	-0.12857606	-0.06975469	0.0031590557	0.021774426	0.02004948	-0.004783481	0.04460853	-0.019978845	-0.024816481	-0.024014758	0.0062081437	-0.072284766	0.021056699	0.05333479	0.050944105	-0.04034953	0.046958573	-0.015968287	0.12224735	0.10579993	-0.018705767	0.020812029	-0.053031184	-0.10408656	-0.014621468	-0.08405019	-0.029793967	-0.009496661	0.03237063	0.035458397	0.042459495	-0.0010869383	-0.024863044	0.0027360213	0.02034694	0.01980038	0.006433176	-0.061531328	0.026575372	0.025351262	-0.0038927386	-0.011807363	0.0020837425	-9.497739e-06	-0.025698952	0.020822553	0.067314476	-0.045006383	-0.019678557	0.07449559	-0.05445659	-0.031628918	0.006280519	-0.05243701	-0.039820477	0.0032152245	-0.017885858	-0.016801327	1.7663824e-06	0.041120883	0.08386673	0.03137869	0.026369436	0.020266486	-0.013008751	0.0010867546	-0.03634542	-0.053714562	0.011640047	-0.00019656595	-0.015090047	0.060937062	-0.041518413	-0.045115124	-0.11742661	0.05773449	-0.014525307	0.0782576	-0.03598917	-0.04326276	-0.104641095	0.006946455	0.03247891	0.032363728	0.054695427	0.0014280039	0.022039127	0.13592057	-0.0044697807	-0.0012073866	0.040542565	0.022319626	0.01977875	-0.0067207175	0.027372971	-0.051093843	-0.012445249	-0.024599256	-0.01982195	0.07665862	-0.0050544213	0.0075999605	0.007624619	-0.0039331145	-0.012875734	-0.00088617136	-0.009740337	0.22706495	-0.032710668	0.020548286	-0.01438849	-0.07469435	-0.035710573	0.008176806	0.00032774036	-0.030197078	-0.0011161802	0.06874927	-0.019720767	-0.012869517	-0.031664576	0.01799539	0.0057259863	0.042135432	-0.07577859	-0.029333638	-0.055586778	0.045815863	-0.03767009	-0.03870498	-0.025555536	0.10221195	0.05381187	0.097817026	0.01791358	-0.0631007	0.04257761	-0.11794163	0.04520721	-0.018016562	-0.019762537	-0.038283955	0.10202366	0.044322446	-0.038214877	0.012231166	0.016864115	-0.043437574	-0.0019273451	-0.16367508	0.0042861174	0.0020718735	-0.00036265096	0.041581426	4.7327828e-07	0.099962555	-0.12939486	0.0039432193	-0.017590793	0.01864114	0.017292082	-0.026683547	-0.05100481	-0.026501864	0.034749966	-0.096176736	0.011838203	0.01796102	0.0036883014	-0.033960108	0.07911262	0.048489917	0.012049466	-0.045255363	-0.034899652	0.042515393	0.00041000944	-0.009435182	-0.079222165	-0.0032790934	0.0016716738	0.032384064	0.06366879	-0.03235235	0.045210388	-0.12104017	-0.0135728	-0.05663891	0.101577915	-0.066838264	0.03690556	0.022097401	0.023724819	-0.058421362	-0.1076626	-0.019354217	-0.018923558	0.06593965	0.058608647	-0.016171725	-0.027135942	-0.07790323	0.0547301	-0.0050234646	-0.043464165	0.01335561	-0.03506661	-0.00039354173	-0.00019124788	0.006933903	0.044930086	-0.013436098	0.03153941	-0.026570402	-0.0052944385	0.005527951	-0.018391768	-0.000828352	0.06365639	-0.006006055	0.035230782	0.00031500944	-0.024816977	0.012319101	0.01348465	-0.0758015	0.028098429	0.016439041	-0.00409875	0.028449617	0.017853826	0.022366215	0.002791366	-0.012530927	-0.030196482	0.096904814	-0.0042490917	-0.024491372	0.12351328	0.07597623	0.025248343	-0.043616317	0.14505322	0.026362987	-0.021155959	-0.026060335	0.025534522	-0.0027950462	0.026076501	-0.0054191644	8.368749e-07	0.0061040246	-0.02454801	0.04038422	-0.016070379	0.002268761	-0.06510795	0.116186276	-0.017411841	0.00062895886	0.0070354925	-0.056772146	0.025333026	0.030477243	-0.011295909	-0.031515807	-0.024758913	-0.033438608	-0.06998035	-0.0025152492	0.02347579	-0.05612564	-0.011615196	-0.00019160651	0.014696951	0.03995668	-0.013002136	0.046747547	-0.047147524	0.025556237	-0.078412876	-0.010485412	0.02233101	0.046109002	-0.038515747	0.041010644	-0.23220791	-0.03487951	-0.01850452	-0.013775168	-0.081088394	0.013715931	-0.025657853	0.028235778	-0.011117856	0.051306985	0.008686929	0.024840476	-0.016678087	-0.008852504	0.007982874	-0.05238603	0.0018830901	-0.012626188	-0.02632322	-0.06469755	0.037153173	-0.012484644	-0.07713406	0.015536464	0.043922126	-0.045820646	0.07800984	-0.008082434	-0.033754952
-0.090078436	-0.10059069	-0.0113587715	-0.019849407	-0.021824824	0.0150290765	-0.08352694	-0.07353148	0.07530645	-0.012101245	-0.00479043	0.0038484843	-0.023269871	-0.0109544005	0.057051774	-0.007130308	0.005292347	0.20686059	0.06520902	-0.022553293	0.048959255	0.08457737	-0.04725719	-0.017859962	-0.06486237	0.03861733	0.031281326	0.007472577	0.021809572	-0.017839562	0.08528797	-0.029081907	0.0014717295	0.0056813443	0.18246241	0.060343083	-0.035456978	0.023360468	0.00021845085	-0.008770772	-0.005421568	0.039102226	-0.01202805	0.0018365618	-0.004777693	0.010091408	-0.035932496	0.0061500664	0.12789361	-0.04109162	0.033494335	-0.05082265	0.011196917	0.0056827245	-0.006016483	0.070265435	0.02877348	0.023822697	-0.010300341	-0.025683124	0.07156104	-0.008123424	-0.0021846984	-0.018442137	-0.06967303	-0.0028213495	0.012956457	0.16812627	0.03352716	-0.13994099	-0.08100802	-0.0058003515	0.015910573	0.012443143	0.006524679	0.057961516	-0.00014101749	-0.015768267	-0.023633834	-0.00071996823	-0.06667407	0.023199819	0.03511106	0.03381992	-0.045746256	0.038601357	-0.023564111	0.13883233	0.0952833	-0.02105182	0.031942822	-0.05772357	-0.11497539	-0.019150486	-0.08504735	-0.030971125	0.0036610775	0.0312902	0.04540751	0.02329453	-0.0026288335	-0.03690718	0.008299008	0.022201434	0.012243782	0.016615408	-0.06534989	0.032456744	0.016373731	0.0028625526	-0.016680982	-0.010970965	-0.009620829	-0.021226732	0.015117268	0.06908564	-0.05695622	-0.03840139	0.08721213	-0.05058504	-0.034855794	0.0061528436	-0.043238584	-0.04124426	-0.004474846	-0.013346321	-0.013498318	7.415077e-07	0.031856988	0.09942149	0.022510892	0.011601904	0.016572403	-0.0038126137	0.0075173094	-0.017930955	-0.04839845	0.014608249	-0.009661009	-0.0034067417	0.054723118	-0.040856868	-0.041965045	-0.11158158	0.05910213	-0.0105564045	0.07830663	-0.025864217	-0.056062605	-0.09266165	-0.007852164	0.025359236	0.03735823	0.039181214	0.004920094	0.019092988	0.1268096	-0.0046863654	-0.007904446	0.036787137	0.01522407	0.017613728	0.007153928	0.030723078	-0.062055405	-0.014881131	-0.021377016	-0.028889256	0.081850834	0.013421996	0.007042942	-0.010910179	0.008443208	-0.016427264	0.006463094	-0.0023939998	0.22820036	-0.039623346	0.012730656	-0.025403667	-0.08591332	-0.027285717	0.010694638	-0.010842733	-0.026882911	0.0018623074	0.06730637	-0.019531861	-0.029756883	-0.028393257	0.022235857	0.008922053	0.0496972	-0.06950186	-0.0085923	-0.052811313	0.053294215	-0.026077501	-0.04543088	-0.024962649	0.10479541	0.04866918	0.10545807	0.0062868535	-0.07259008	0.043104347	-0.1144375	0.06124893	-0.02346407	-0.0047249743	-0.045004785	0.117098175	0.051662516	-0.037883352	0.008313247	0.02987533	-0.051842164	-0.015459718	-0.1629423	0.009792831	-0.0009221223	0.010190917	0.037869975	-5.5053967e-08	0.09748149	-0.115381315	0.015305527	-0.016631087	0.0072260443	0.017228073	-0.023108529	-0.0343251	-0.028772226	0.036602985	-0.10679822	0.008732911	0.020328049	0.015017347	-0.046008885	0.07489816	0.035852276	0.014744894	-0.026899004	-0.030041872	0.032812957	0.008270307	-0.007138366	-0.08533529	0.018050032	-0.003729455	0.007123726	0.076813616	-0.029127762	0.059218112	-0.12267814	-0.00391033	-0.051606502	0.10418228	-0.06807623	0.021825626	0.024942277	0.025262354	-0.032024805	-0.09580252	-0.03203036	-0.027715262	0.080172375	0.05710957	-0.01194526	-0.029324157	-0.078985944	0.041221995	-0.017694347	-0.059157126	0.0036374996	-0.018564107	-0.015040488	-0.009005971	-0.0004696966	0.048471637	-0.015930736	0.039004784	-0.034227353	-0.019541616	0.02235445	-0.01867456	0.01236248	0.069681056	0.005646458	0.03820327	0.015679566	-0.02821546	0.017484693	0.005456419	-0.082654886	0.0317688	0.02952643	-0.006841803	0.013079762	0.009348904	0.036473412	-0.0016699678	-0.0023025514	-0.021781843	0.0778282	-0.00082365057	-0.030975545	0.12472983	0.069681436	0.012668863	-0.047161855	0.12989376	0.011105131	-0.008355394	-0.030198188	0.029325576	0.0013422344	0.01505527	-0.0035446119	5.6616227e-07	-0.0003300986	-0.01828337	0.03351976	-0.030896014	0.0068125133	-0.06316438	0.108373374	-0.009514179	0.0073410436	0.007041869	-0.063520975	0.01927641	0.026423892	-0.007986879	-0.03946601	-0.007715905	-0.036389265	-0.062196974	-0.001744706	0.02373041	-0.05575375	-0.015620481	-0.011531138	0.0102951685	0.034660585	-0.029527873	0.030667529	-0.04516689	0.046309404	-0.073239714	-0.012173165	0.020678358	0.05132549	-0.03205711	0.03662511	-0.23234576	-0.03784607	-0.012592614	-0.011965837	-0.07234658	0.01558001	-0.0010369858	0.008855992	-0.017776493	0.049585633	0.0011653631	0.013931967	-0.01625399	-0.0067315707	0.002751147	-0.040610164	0.014608028	-0.021250011	-0.035788644	-0.0704489	0.042491917	-0.012459563	-0.076328605	0.023096386	0.047050506	-0.048751406	0.059493177	-0.0024080987	-0.03597744
-0.09113241	-0.08873651	-0.021603828	-0.029522313	-0.009618246	0.014612399	-0.085179746	-0.06966172	0.059589677	0.0002792174	0.008488919	0.026777374	-0.026614835	-0.017571678	0.057591368	0.006056343	0.0121744545	0.23193648	0.04933777	-0.0072237756	0.05262984	0.07778692	-0.03196752	-0.0070567937	-0.07808266	0.05143377	0.017836107	-0.0039914814	0.01097816	-0.020406652	0.08156624	-0.027483752	0.012056058	0.006606632	0.16933492	0.05640321	-0.048117697	0.022356134	-0.005299003	-0.008906279	-0.01176593	0.02112474	-0.0050129285	-0.0058543547	-0.00851018	0.008605681	-0.050592255	-0.008237876	0.13498223	-0.048732694	0.013011325	-0.050991453	0.005813128	-0.0048810956	0.0052547185	0.049992673	0.028411726	0.014733611	0.0015133045	-0.0213283	0.07761594	0.008173074	-0.0063836155	-0.015815413	-0.05159375	0.003748573	0.00681942	0.17600171	0.045222703	-0.12822486	-0.06725819	0.002904486	0.023838408	0.02026072	-0.0071905456	0.04318438	-0.022855831	-0.026812688	-0.02328008	0.007082291	-0.07445828	0.019639246	0.056840464	0.053714134	-0.040590033	0.049139608	-0.014845991	0.12117472	0.10509835	-0.018582528	0.016539931	-0.052543722	-0.10544046	-0.012897478	-0.08211664	-0.029338289	-0.011916273	0.033151437	0.033796944	0.032523282	-0.0018333028	-0.023704091	0.0028449623	0.021350684	0.017857611	0.0044999453	-0.061685506	0.025818285	0.025486575	-0.0051227845	-0.011530202	0.0032857282	0.0010989191	-0.025089353	0.022009045	0.065072425	-0.04375481	-0.01675806	0.074783154	-0.055256013	-0.030170754	0.0067918226	-0.054517835	-0.041665416	0.0049340515	-0.016224563	-0.01837743	1.4923659e-06	0.042056262	0.08331972	0.03151603	0.027954485	0.018926712	-0.013828264	0.0009615647	-0.039187726	-0.05388926	0.011492578	-0.00067453046	-0.017670758	0.06158261	-0.04244487	-0.047922343	-0.11789493	0.055420775	-0.018291917	0.078708425	-0.03761441	-0.04074039	-0.10654831	0.0075818007	0.03221313	0.029987043	0.058695238	0.0011495103	0.021564482	0.13810736	-0.0038446982	0.0010850506	0.041142277	0.020215219	0.01994596	-0.008002647	0.028299663	-0.05037162	-0.013757003	-0.025745783	-0.018185042	0.07624642	-0.007249516	0.005621063	0.010895815	-0.006141092	-0.012563665	-0.001550341	-0.011411298	0.22811435	-0.030273741	0.02178571	-0.012684078	-0.07494298	-0.037462853	0.008335208	0.00022852841	-0.031552233	-0.0013946787	0.06811602	-0.021026272	-0.01120194	-0.032637145	0.01722631	0.00511896	0.0399557	-0.07525158	-0.03150176	-0.055280287	0.045335636	-0.039429374	-0.037762776	-0.025811547	0.09888758	0.054094236	0.09665921	0.020904398	-0.061371293	0.042225227	-0.11584922	0.04385696	-0.014760125	-0.022548065	-0.035743345	0.10140254	0.042872798	-0.039210964	0.013259761	0.014511266	-0.042400282	-0.0011246108	-0.16392364	0.0030606198	0.0028470948	-0.001990495	0.04120291	2.9554727e-07	0.1005162	-0.13109478	0.0018109338	-0.019167015	0.01832531	0.016262813	-0.02572887	-0.053906415	-0.026115285	0.03509537	-0.09239851	0.011498156	0.017434988	0.0020446838	-0.03057659	0.07800377	0.04927557	0.012620914	-0.04606499	-0.03648339	0.04176615	5.5507484e-05	-0.009650176	-0.07679182	-0.0065389164	0.001047315	0.034846533	0.062108204	-0.031625755	0.043311168	-0.12184703	-0.01315079	-0.057681423	0.10072527	-0.06723305	0.036063112	0.021315759	0.023867698	-0.061506283	-0.10927081	-0.016465668	-0.017419975	0.06304537	0.059113394	-0.01699172	-0.027961804	-0.07541014	0.055733707	-0.004036453	-0.041515615	0.015681919	-0.03779459	0.0023211993	0.0024634388	0.007454876	0.04472701	-0.012941717	0.030268922	-0.026606344	-0.0027160733	0.005062382	-0.019198032	-0.0011653168	0.06541011	-0.0042694723	0.033369895	-0.0020159981	-0.02680068	0.010715423	0.0139187435	-0.07340113	0.029213332	0.014215571	-0.00446562	0.03068566	0.018908935	0.020896034	0.0030887176	-0.01445639	-0.030064711	0.09860411	-0.004291801	-0.021364376	0.12206297	0.076859385	0.02759833	-0.04295154	0.14580956	0.028797517	-0.023459757	-0.025461473	0.024163054	-0.003414611	0.029121928	-0.0054302784	7.363578e-07	0.0071492633	-0.026161792	0.03937416	-0.015047836	0.0005817331	-0.06521533	0.11629941	-0.017172953	0.00083319214	0.0071617616	-0.05477223	0.025781041	0.030768987	-0.010490763	-0.029370833	-0.024143368	-0.03439655	-0.06864134	-0.004015758	0.023081983	-0.055970773	-0.013136681	0.002683734	0.015560103	0.041228697	-0.011447639	0.046751585	-0.045661956	0.022772143	-0.079052664	-0.011058513	0.025002189	0.044717655	-0.039228335	0.041097622	-0.23224796	-0.034572076	-0.017681452	-0.014366476	-0.08279703	0.011509207	-0.027992513	0.030034527	-0.009926328	0.04999084	0.011914026	0.024827821	-0.016575592	-0.009318123	0.008037213	-0.0524538	-0.00091594044	-0.01164084	-0.024789479	-0.06493205	0.036637075	-0.011664515	-0.07487608	0.015291292	0.04136504	-0.04498537	0.07870469	-0.007747497	-0.03371744
-0.09195535	-0.08876835	-0.021045111	-0.029503282	-0.007967622	0.014908781	-0.08463262	-0.069085784	0.058662254	0.0005207592	0.008891176	0.026663193	-0.026920868	-0.01686953	0.057161387	0.0059945583	0.011389595	0.23326443	0.049677048	-0.008251151	0.05318091	0.07901779	-0.03247261	-0.008137361	-0.078387536	0.05180166	0.017777076	-0.0039293244	0.010592801	-0.020677956	0.081286356	-0.027526725	0.012035421	0.006893364	0.16833827	0.05637167	-0.047321875	0.023470975	-0.0050677867	-0.008527452	-0.01168029	0.021504546	-0.0038015351	-0.005333723	-0.008608425	0.008941553	-0.0501188	-0.008493119	0.13444646	-0.048331246	0.013823908	-0.050121013	0.0063193943	-0.004387471	0.004357411	0.050020978	0.027557494	0.013783258	0.0015646925	-0.021736857	0.077117674	0.008228415	-0.007248925	-0.01550692	-0.05241977	0.0047788178	0.006729766	0.17489952	0.046826303	-0.12855883	-0.06747376	0.0021831908	0.023591785	0.020646596	-0.0070107733	0.043303505	-0.023323098	-0.02609002	-0.023120353	0.005379787	-0.07475929	0.018605446	0.055977006	0.053767234	-0.039916243	0.0491045	-0.0150073385	0.12172007	0.10560016	-0.0176625	0.018008819	-0.052916836	-0.104921184	-0.013282627	-0.08290188	-0.028289247	-0.011728165	0.03224164	0.034545664	0.034802757	-0.0010437504	-0.024087425	0.0024968453	0.019608779	0.018071203	0.0051405192	-0.06188507	0.02672099	0.025896383	-0.00463299	-0.012832639	0.0036285652	0.0005440342	-0.025076766	0.02229613	0.064808376	-0.043021988	-0.01597287	0.074684754	-0.05643933	-0.029488	0.0069147907	-0.05508388	-0.040928915	0.005474965	-0.016036442	-0.01881642	1.5238807e-06	0.042250905	0.082949586	0.031431433	0.026449976	0.018437997	-0.01198643	0.0009801281	-0.038235947	-0.05446323	0.0104758395	-0.0008407174	-0.016133044	0.060019698	-0.04194223	-0.047391057	-0.11796372	0.054788057	-0.016776962	0.07879829	-0.037194557	-0.041317705	-0.10516023	0.007834475	0.032585282	0.030439947	0.057587937	0.0015360359	0.02124408	0.13786484	-0.004087727	0.00013741915	0.041030645	0.019399662	0.018962778	-0.007843109	0.027456382	-0.04992403	-0.013624814	-0.02486886	-0.017912596	0.07611168	-0.0071369903	0.0062555843	0.010435631	-0.0064140945	-0.012772374	-0.0018045112	-0.010348799	0.22733854	-0.031112744	0.02097103	-0.013316829	-0.073230974	-0.03800025	0.008497971	0.0014207428	-0.031471077	-0.0014921032	0.06951602	-0.019415108	-0.010764686	-0.031669583	0.016802965	0.006163996	0.037835047	-0.07705346	-0.031261567	-0.056579456	0.044506792	-0.039289806	-0.03823695	-0.025098778	0.101709925	0.05351592	0.09632241	0.020557836	-0.06171898	0.042074125	-0.11743281	0.044445798	-0.016052607	-0.021940153	-0.035742853	0.09982851	0.042980943	-0.039041303	0.012499919	0.014407686	-0.04156363	-0.0022741714	-0.16296735	0.0038471902	0.002063874	-0.00094385043	0.04281991	3.3117954e-07	0.09992086	-0.13013916	0.0021047015	-0.019199155	0.019973705	0.016739652	-0.026914718	-0.054001585	-0.027376326	0.03482704	-0.093344055	0.011956636	0.016791565	0.0024055094	-0.03163475	0.07788894	0.048802983	0.011511271	-0.047625832	-0.03717574	0.041557897	0.0004976957	-0.009580481	-0.07727104	-0.0062599303	0.00093293935	0.03614395	0.061178382	-0.033191007	0.04370964	-0.12117426	-0.012775088	-0.057934344	0.10168595	-0.06645235	0.034780346	0.021015165	0.024023976	-0.061194167	-0.109109275	-0.01626402	-0.01914719	0.06340699	0.059142906	-0.017655151	-0.027527533	-0.07600127	0.056368455	-0.0046073934	-0.04111136	0.014717299	-0.038412865	0.003538859	0.0014989935	0.00869312	0.04439503	-0.012129416	0.0294227	-0.026205204	-0.0029254043	0.0026366534	-0.01915158	-0.00078429194	0.06350528	-0.004667291	0.034291685	-0.0013942366	-0.025851725	0.010782368	0.014203497	-0.0725284	0.02897609	0.013847206	-0.0036116429	0.032031067	0.018197441	0.021522228	0.0025445956	-0.014386451	-0.030052314	0.0993054	-0.0035778685	-0.020883195	0.12146537	0.07674738	0.027798798	-0.042051993	0.14725877	0.029596237	-0.02337098	-0.027473569	0.025265947	-0.002735529	0.028693605	-0.0045682355	7.2044696e-07	0.00709392	-0.026195992	0.03937539	-0.014878111	-0.001836601	-0.06635421	0.11718089	-0.01672367	0.0006984854	0.0062510474	-0.055642165	0.026471509	0.03161743	-0.009174208	-0.029036352	-0.026176952	-0.032748733	-0.06861516	-0.0048221406	0.021912387	-0.05620384	-0.012603026	0.0017886122	0.014808216	0.040853582	-0.011899845	0.047229428	-0.04632506	0.023054132	-0.07959266	-0.010125699	0.024400417	0.045167554	-0.040165424	0.04123254	-0.23105858	-0.034549776	-0.017762668	-0.015193473	-0.08334006	0.011768355	-0.026942411	0.03041149	-0.009740003	0.051330883	0.010966697	0.024655903	-0.01644225	-0.009739529	0.0074656075	-0.05380838	-0.0008293229	-0.011711742	-0.023981746	-0.06538994	0.03629713	-0.012831191	-0.074633375	0.015317444	0.041918583	-0.046258077	0.08003903	-0.008325533	-0.03259595
-0.0911829	-0.086610876	-0.021845296	-0.032309845	-0.0069349254	0.013618344	-0.084121145	-0.069722414	0.060683347	0.0005151998	0.009407098	0.028641606	-0.02642552	-0.016151818	0.05884624	0.0066627655	0.011779199	0.2327888	0.049222805	-0.006022839	0.052291986	0.07885393	-0.031759582	-0.005388933	-0.0786602	0.052955825	0.017093595	-0.0048723817	0.010978727	-0.021927489	0.07955191	-0.027808843	0.012013627	0.006237114	0.16844012	0.057908684	-0.048433475	0.022308048	-0.004785352	-0.009346899	-0.01207771	0.021101	-0.0034857905	-0.006999042	-0.009040864	0.009615961	-0.049716663	-0.009598291	0.13631925	-0.049809854	0.012803082	-0.04964954	0.0060109026	-0.005866312	0.0059013576	0.050255198	0.028909497	0.014127093	0.0025320353	-0.021367365	0.07832151	0.008062241	-0.0065841693	-0.014732592	-0.049048323	0.0037054913	0.0051065614	0.1749649	0.044720042	-0.12751673	-0.065006986	0.0033164457	0.02347949	0.02248538	-0.0072114854	0.042805746	-0.02311828	-0.026949128	-0.022458216	0.0061123315	-0.073544115	0.01973287	0.056171797	0.054382216	-0.039583884	0.049101535	-0.013936369	0.11855594	0.105659485	-0.017322699	0.017102674	-0.051745065	-0.10385977	-0.013294311	-0.0824098	-0.029495154	-0.0120794615	0.03368336	0.03395433	0.045341298	-0.0008206193	-0.022311514	0.00216635	0.020791283	0.019903004	0.003324894	-0.061915394	0.025332946	0.026933717	-0.00547235	-0.012271246	0.0034099456	0.0005504196	-0.026389299	0.021691034	0.066372	-0.043833606	-0.015132514	0.07092512	-0.054142047	-0.029598279	0.007314551	-0.055773955	-0.040645283	0.0049707214	-0.018816387	-0.017819026	1.8124077e-06	0.04205147	0.08163204	0.031087896	0.027684657	0.020439573	-0.0148775745	-0.0019615553	-0.03893907	-0.054065876	0.011777856	0.00094071	-0.017383326	0.06244936	-0.041999627	-0.04793601	-0.117485784	0.055822466	-0.015811907	0.078527376	-0.0367906	-0.03817877	-0.106156066	0.008929925	0.03329777	0.028803641	0.0585789	0.0009873407	0.023161149	0.1398328	-0.0045027994	0.00026922126	0.0411979	0.02228531	0.019369077	-0.00913997	0.028196542	-0.049870197	-0.014073309	-0.02494622	-0.017231453	0.077178724	-0.00963952	0.0061830725	0.010659743	-0.0071144104	-0.012684765	-0.004232661	-0.010440603	0.22602707	-0.030779691	0.021965396	-0.010980193	-0.072098985	-0.03785875	0.0076855673	0.0023688313	-0.03152617	-0.0021538027	0.06798948	-0.020596907	-0.010393279	-0.03227825	0.016142303	0.0058243265	0.040072314	-0.077571124	-0.031989995	-0.05571424	0.045046065	-0.04091424	-0.037234593	-0.026149342	0.09997941	0.05520715	0.097230196	0.020745233	-0.061387375	0.041564602	-0.117338724	0.042193417	-0.014970254	-0.02220125	-0.036246467	0.09979857	0.042503018	-0.039314177	0.012597767	0.013191028	-0.042914987	0.00044046028	-0.16444837	0.0027512193	0.0032342004	-0.0023645202	0.04188126	4.7141282e-07	0.10092395	-0.1301855	0.00030388343	-0.01957019	0.01953149	0.01673854	-0.02724294	-0.05370337	-0.026965987	0.03515202	-0.09311385	0.011952819	0.01639374	0.0007678091	-0.03170517	0.07822056	0.050712902	0.011425271	-0.04668442	-0.03693907	0.042587567	-0.00043114237	-0.01014919	-0.07737762	-0.00652518	0.003124006	0.036233608	0.06020158	-0.032306	0.04260707	-0.12122874	-0.014193967	-0.056594837	0.101052746	-0.065946154	0.03917565	0.021432552	0.024083331	-0.06266227	-0.110128544	-0.01645083	-0.017216051	0.06334245	0.059226755	-0.016645353	-0.027897377	-0.07605076	0.05703703	-0.002722572	-0.04039562	0.015754411	-0.038003054	0.003996695	0.003028283	0.0077545997	0.044734124	-0.01346469	0.029938329	-0.024738282	-0.0019231903	0.0031860853	-0.01675535	-0.0042244275	0.06414483	-0.0068095378	0.034062393	-0.0034963074	-0.026996188	0.0117853675	0.013187912	-0.07306477	0.027415572	0.013992261	-0.0043683066	0.030856112	0.018694174	0.018384567	0.0013270474	-0.015000137	-0.03116077	0.098568745	-0.0058544287	-0.0222446	0.12283399	0.07586573	0.027615223	-0.04341255	0.14706229	0.029066432	-0.023890525	-0.024237787	0.023774024	-0.001777391	0.028716028	-0.005439062	8.1566156e-07	0.007116695	-0.026306773	0.038315024	-0.013998924	0.001879256	-0.065791704	0.11760475	-0.017066864	0.00052698853	0.0072976565	-0.054057766	0.02533866	0.031514272	-0.012180442	-0.029941486	-0.02679292	-0.03450189	-0.069474705	-0.0033375807	0.023113504	-0.056107987	-0.012299401	0.0027098048	0.015541649	0.040724836	-0.009883258	0.046734583	-0.045957007	0.022783488	-0.07875372	-0.010694362	0.024284992	0.042194877	-0.038935438	0.040641315	-0.23185933	-0.032381874	-0.019002464	-0.01211554	-0.0840307	0.010372265	-0.03034803	0.03088592	-0.00955843	0.050706126	0.010166636	0.025129046	-0.016320286	-0.0089879	0.0077451603	-0.054064404	-0.00020164026	-0.011734464	-0.024481475	-0.06408293	0.03432191	-0.011529207	-0.07469568	0.013967844	0.04320546	-0.044269197	0.080179624	-0.008313351	-0.034018844
-0.09148905	-0.08854072	-0.021440202	-0.030248983	-0.008692698	0.014395101	-0.08513916	-0.06860021	0.06021635	0.001432116	0.010527813	0.031191237	-0.026794082	-0.017020814	0.055564	0.006490122	0.011948966	0.23475142	0.04681972	-0.0069771684	0.051397756	0.07623928	-0.03170545	-0.006316175	-0.078441285	0.052454177	0.016419912	-0.00430314	0.009556747	-0.021059202	0.08145148	-0.02868295	0.012807269	0.006570898	0.16634707	0.056299303	-0.048950166	0.02300596	-0.006375153	-0.008845181	-0.013064704	0.01987458	-0.0035890713	-0.0060585025	-0.007781053	0.009594597	-0.05171791	-0.00999333	0.13585128	-0.049543038	0.012186635	-0.048953183	0.0040718773	-0.0061912243	0.006500362	0.046276305	0.028483056	0.012430468	0.0013049444	-0.02177862	0.0768709	0.008839287	-0.0070289653	-0.013961514	-0.05073129	0.005541309	0.00655487	0.17826179	0.047159728	-0.1276596	-0.06457097	0.0030379014	0.02547921	0.021910736	-0.007138586	0.042276464	-0.024011483	-0.027243773	-0.023456102	0.0069998335	-0.0745048	0.019499302	0.057653062	0.054051712	-0.03935428	0.04782829	-0.014526045	0.1190179	0.10441151	-0.016804952	0.015897026	-0.051640633	-0.10324001	-0.011251198	-0.08053162	-0.029671943	-0.0095736105	0.03295363	0.0322442	0.028128136	-0.0032022672	-0.02436957	0.0022270924	0.020960132	0.019374492	0.0040900474	-0.061580483	0.025547449	0.027026491	-0.0058658174	-0.013617094	0.004946903	-0.00034499558	-0.023519654	0.022586152	0.06427966	-0.04161655	-0.0149520105	0.07234369	-0.054737426	-0.0299179	0.0061617326	-0.05447825	-0.04048464	0.006054171	-0.015571803	-0.01727679	1.4964213e-06	0.041838866	0.08184124	0.03210586	0.02995595	0.018383404	-0.013511613	-0.0007310665	-0.04003457	-0.055054292	0.012504996	-0.0006879136	-0.016101785	0.062042102	-0.041908298	-0.04691347	-0.11871252	0.05541408	-0.01697219	0.078584135	-0.03785367	-0.039416812	-0.10679556	0.009590438	0.03243695	0.030531507	0.05895401	0.0009715987	0.021931825	0.13788597	-0.003619764	0.0019873574	0.043012924	0.019117437	0.019640341	-0.009895126	0.027539043	-0.05052303	-0.014667041	-0.02593246	-0.017772287	0.07465162	-0.00839949	0.006098343	0.012844917	-0.007496464	-0.011712562	-0.0018949985	-0.00975711	0.2279596	-0.029683096	0.020363627	-0.011045166	-0.07297183	-0.03777259	0.008320406	0.0014535165	-0.032087177	-0.0016651239	0.06933282	-0.02104695	-0.00849786	-0.03254183	0.015130509	0.0056174817	0.03665599	-0.07810568	-0.033489298	-0.05624949	0.04478969	-0.039552514	-0.037244793	-0.02524344	0.10074289	0.053614818	0.09505711	0.021134924	-0.06006866	0.04154685	-0.1171112	0.044034958	-0.01431227	-0.02302812	-0.03576465	0.09908009	0.039927796	-0.037969023	0.013222029	0.013963914	-0.040776618	-0.0013473051	-0.16324446	0.0014963532	0.0014467457	-0.0019615025	0.041546054	2.6539593e-07	0.09916062	-0.13189422	0.0010140676	-0.020193525	0.018409563	0.015005168	-0.027614648	-0.055728756	-0.0276025	0.033184454	-0.09165297	0.011335476	0.018452074	0.0013515338	-0.030458018	0.07833923	0.050449803	0.01238627	-0.047742978	-0.039356053	0.042887364	-0.0010011093	-0.008718619	-0.07670082	-0.009245005	0.0017977579	0.03606244	0.060138777	-0.032630224	0.043164562	-0.1207354	-0.013006722	-0.058531635	0.10020844	-0.06627033	0.03514635	0.020826612	0.02472466	-0.062761806	-0.11069959	-0.014379336	-0.01863164	0.0651173	0.060522135	-0.017072953	-0.02813578	-0.07654925	0.058925543	-0.0030233322	-0.041659024	0.015037008	-0.04062692	0.0028237416	0.0021141504	0.0092636775	0.042960536	-0.012975304	0.027070181	-0.027021041	-0.0015215637	0.0022371195	-0.01877765	-0.002737297	0.06384625	-0.005564366	0.033600222	-0.0032210667	-0.02828879	0.009355609	0.016031992	-0.0719072	0.028845005	0.012911618	-0.0035758086	0.034025017	0.016961355	0.019248558	0.002883365	-0.015651463	-0.032537296	0.09997179	-0.004023065	-0.020021	0.12189087	0.077181615	0.028728535	-0.042891923	0.14853977	0.031621438	-0.023953984	-0.025632428	0.022989403	-0.0046164664	0.03195042	-0.0043997373	6.9472645e-07	0.006487444	-0.02763692	0.039162375	-0.01354224	-0.0008518697	-0.06584905	0.11986722	-0.018308904	0.0016144881	0.006190357	-0.053652696	0.02597588	0.031618867	-0.0109028155	-0.027438246	-0.025609486	-0.033297084	-0.0685705	-0.006596981	0.023143817	-0.056764044	-0.013107761	0.0046522142	0.015379346	0.040392205	-0.010669879	0.048732843	-0.044566777	0.020867838	-0.081057675	-0.010775515	0.025292046	0.042598136	-0.041259736	0.040906165	-0.23104505	-0.033653665	-0.018243559	-0.016134735	-0.08251275	0.010841307	-0.03012923	0.031005492	-0.007905581	0.049835727	0.0119541	0.025875611	-0.016834425	-0.008644373	0.007881318	-0.052905392	-0.0025243456	-0.011977777	-0.022815246	-0.06622099	0.03578233	-0.011555437	-0.073573135	0.015660381	0.041620936	-0.04516174	0.080268614	-0.00729182	-0.034308866
-0.08836132	-0.10111231	-0.0107323965	-0.015943144	-0.025411954	0.013484281	-0.08096284	-0.077046394	0.07409051	-0.018419666	-0.010183224	-0.0034680124	-0.021151671	-0.008103775	0.054131508	-0.01090986	0.0033022226	0.18993077	0.0737115	-0.03080217	0.05558886	0.08533752	-0.050808787	-0.022005348	-0.057436768	0.032484036	0.037358515	0.014314865	0.02656765	-0.01182635	0.0798256	-0.028059177	-0.0034703717	0.0046488205	0.19135413	0.06141012	-0.026817642	0.02031193	0.0012344872	-0.007735025	-0.002927682	0.050372854	-0.012970103	0.007065856	-0.0034718192	0.009947857	-0.031658478	0.0108759105	0.11910209	-0.038933314	0.04211533	-0.050822735	0.013857426	0.008081591	-0.007819921	0.079290494	0.026977163	0.027568605	-0.014721272	-0.028812952	0.068405524	-0.012948396	-0.0022164348	-0.018345674	-0.07423181	-0.0059165256	0.0145463245	0.16274874	0.030782122	-0.14772838	-0.086508825	-0.009719343	0.011602412	0.0073697222	0.019040627	0.061461814	0.006880052	-0.011599239	-0.024280412	-0.00628429	-0.060989555	0.019719655	0.025934529	0.02851926	-0.045957528	0.036052633	-0.024655227	0.1432691	0.091785215	-0.021492945	0.040866192	-0.063010424	-0.11490753	-0.022832623	-0.08623022	-0.02521025	0.0034256147	0.033310387	0.051100608	0.01472451	-0.0022563632	-0.045208134	0.012928271	0.019193964	0.0057377215	0.02232786	-0.06792055	0.031872932	0.013148437	0.0074482695	-0.015205284	-0.01613811	-0.012371031	-0.014901565	0.013547685	0.07255175	-0.06406954	-0.04777247	0.089297	-0.047660425	-0.037692446	0.0055366238	-0.038743496	-0.0439256	-0.0111828195	-0.012400001	-0.018012127	6.739907e-07	0.029937832	0.10283285	0.019845704	0.0056823366	0.018492773	-0.0019521447	0.01152654	-0.008711202	-0.046796896	0.010135489	-0.010476133	-0.001463896	0.047099423	-0.039704382	-0.040982157	-0.10414738	0.060349807	-0.00835416	0.07753557	-0.01986986	-0.063872375	-0.08316838	-0.016692802	0.029004438	0.039387897	0.034648594	0.0038765066	0.017503118	0.12152939	-0.005426404	-0.013064625	0.03373872	0.012387378	0.013436611	0.014934664	0.03199534	-0.06401136	-0.0129747335	-0.017542683	-0.031757496	0.08847801	0.022995308	0.012020086	-0.018125568	0.012509487	-0.013421987	0.011539834	-0.0016920544	0.23017272	-0.042107444	0.011906536	-0.032762747	-0.08720561	-0.022341311	0.012819991	-0.009997091	-0.023830857	0.003581622	0.06336287	-0.017450413	-0.03734764	-0.03021995	0.027127102	0.010120042	0.056931913	-0.066276744	-0.0015620101	-0.05082987	0.057779174	-0.01846598	-0.045725357	-0.022239123	0.10234751	0.045698375	0.10875917	0.0008615495	-0.07798238	0.046114266	-0.116646476	0.06873694	-0.029574765	0.0038696362	-0.044989523	0.12241786	0.054977156	-0.035951495	0.0077748494	0.03504437	-0.056071296	-0.015296502	-0.15751132	0.0132401185	-0.0037971025	0.017541984	0.03744503	-4.4761816e-08	0.09837094	-0.10401774	0.019903	-0.0113470545	0.000694311	0.018705307	-0.023580087	-0.021922285	-0.021060565	0.038230754	-0.10628165	0.008688978	0.018192375	0.018766897	-0.052867092	0.06978346	0.030182794	0.015421772	-0.022145117	-0.024312355	0.028924901	0.010793731	-0.013511944	-0.08519797	0.031739585	-0.008384608	-0.0004946633	0.07875478	-0.028418822	0.06766797	-0.11772994	-0.0019620876	-0.051758636	0.10730549	-0.07003109	0.015320873	0.02049213	0.020950144	-0.019444646	-0.093023986	-0.036107928	-0.027945776	0.0782593	0.05307863	-0.010770078	-0.031125175	-0.077496864	0.034981046	-0.024718678	-0.066809095	0.0013053743	-0.010797667	-0.021026641	-0.015989661	-0.0061543724	0.049885172	-0.0133396145	0.04300307	-0.036731053	-0.030019669	0.027491875	-0.019271152	0.018734274	0.070045464	0.008614524	0.042041782	0.022142021	-0.026436834	0.023949808	0.0012443842	-0.080207035	0.035522267	0.035989624	-0.005023908	0.005744823	0.005626174	0.04557907	-0.0007862195	0.00575572	-0.018218879	0.066101134	-0.00040481196	-0.03561523	0.13114072	0.06253726	0.009320184	-0.04916735	0.12194139	0.0006035529	-0.0038772512	-0.028107557	0.034570966	0.004452398	0.00726394	-0.0019568175	6.3532895e-07	-0.0029460392	-0.013685068	0.032681845	-0.037681896	0.0063715433	-0.06185484	0.103179574	-0.0035056407	0.007781761	0.010259772	-0.069784306	0.014426695	0.027053175	-0.007133629	-0.046214376	-0.00031108336	-0.03201975	-0.061257612	0.00016823102	0.01706185	-0.05674314	-0.016189234	-0.018388662	0.006571429	0.033624373	-0.039066214	0.025598992	-0.046399157	0.05142236	-0.07079324	-0.010527492	0.01959544	0.053286258	-0.026316512	0.035716195	-0.2279652	-0.036875945	-0.01138216	-0.0088950815	-0.06744068	0.01876329	0.008977234	0.00050624064	-0.023519525	0.04912455	-0.0033825333	0.015844062	-0.014770227	-0.008177082	0.0023571656	-0.038746666	0.021817379	-0.02307777	-0.04026708	-0.06995943	0.04331308	-0.013199484	-0.07745215	0.02466045	0.045228433	-0.048342936	0.053558465	0.0015912404	-0.03245694
-0.08934048	-0.101920456	-0.0075499876	-0.014840035	-0.025725333	0.014383103	-0.08164067	-0.07351603	0.08016991	-0.02087382	-0.011769004	-0.003865378	-0.019713437	-0.007679528	0.05169816	-0.012772794	0.0022034072	0.19082311	0.07284267	-0.029705279	0.052106578	0.086774066	-0.053054534	-0.023028413	-0.056383193	0.029677697	0.038078316	0.012565195	0.024522044	-0.010752689	0.08286635	-0.031752888	-0.0042255726	0.004117149	0.18918611	0.06159768	-0.025686184	0.023660176	-0.0005834742	-0.008015105	-0.00026169873	0.050477173	-0.015814655	0.008962138	-0.0041067447	0.010529024	-0.031169398	0.015201159	0.12206231	-0.039719	0.042608753	-0.049844082	0.0124087855	0.008680988	-0.011385239	0.081697516	0.026535364	0.029536977	-0.016320588	-0.028306914	0.0672655	-0.015052822	-0.00013278684	-0.019516293	-0.077303074	-0.007881315	0.017341813	0.15963928	0.026703168	-0.14421986	-0.08430212	-0.012975918	0.011536954	0.007666039	0.017389806	0.06297912	0.011874351	-0.011126025	-0.023927098	-0.0029502178	-0.06303898	0.020691663	0.024242062	0.027436024	-0.046005063	0.036821593	-0.021446098	0.14448665	0.09088869	-0.021973113	0.04010144	-0.062841974	-0.119118206	-0.022757396	-0.08246581	-0.025710579	0.007386967	0.033061214	0.0510466	0.0100773685	-0.00075941713	-0.044848498	0.012935848	0.019968143	0.0079731755	0.020890782	-0.065146506	0.031810176	0.011872797	0.0062485463	-0.01644601	-0.019601973	-0.014467125	-0.015659492	0.012438339	0.06881033	-0.06430343	-0.049747214	0.08732687	-0.049929384	-0.03586278	0.0019032279	-0.036805905	-0.038198598	-0.0094843935	-0.011424502	-0.01204637	7.6018773e-07	0.027924407	0.10816713	0.018502675	0.0019649423	0.018225241	0.0012852063	0.012363278	-0.0059562074	-0.046823982	0.014464895	-0.010427237	-0.0011483827	0.049767468	-0.04133233	-0.041243408	-0.10519617	0.061650522	-0.010339292	0.07687596	-0.02032499	-0.059227817	-0.08177693	-0.016735168	0.023826411	0.036123995	0.03176865	0.0035861102	0.018620307	0.12343034	-0.006202225	-0.015242524	0.033704713	0.014627138	0.013811827	0.0147185745	0.029262068	-0.063731536	-0.014885448	-0.01632372	-0.034108266	0.084898315	0.024784926	0.0125442	-0.022322616	0.014332515	-0.013160216	0.00956288	-0.0012669556	0.22659813	-0.04250236	0.009288054	-0.030957399	-0.09058145	-0.0232963	0.011151077	-0.011980418	-0.023731478	0.0023517173	0.064497285	-0.01871071	-0.040318426	-0.02917069	0.027292112	0.014259082	0.05865641	-0.066331476	0.00025065456	-0.047233894	0.057004303	-0.017072616	-0.046368696	-0.022188779	0.101694696	0.04432977	0.10976562	0.00124354	-0.077844076	0.045807283	-0.11525639	0.06953705	-0.027642744	0.0045743245	-0.0449949	0.121629335	0.056910515	-0.036712497	0.004948564	0.0395271	-0.056483448	-0.019226603	-0.15949424	0.014726236	-0.0039974675	0.01792386	0.034341156	-7.275799e-08	0.09622603	-0.10060757	0.02267793	-0.015297834	-0.0013738284	0.015564346	-0.024286706	-0.02275012	-0.024483696	0.037060574	-0.11147155	0.005415129	0.020646276	0.021371644	-0.053468257	0.07181078	0.029918931	0.018137164	-0.017760959	-0.025951654	0.026033951	0.012553072	-0.011278416	-0.087988816	0.033360876	-0.008008797	-0.0036346158	0.08318205	-0.026793333	0.06844717	-0.11934276	0.003178543	-0.048217334	0.10288571	-0.06855261	0.017760798	0.021032738	0.023368234	-0.014815411	-0.09158921	-0.03710581	-0.031775665	0.0810783	0.05309806	-0.009783357	-0.0290945	-0.07693943	0.033689633	-0.026992548	-0.06620492	-0.00064119324	-0.009826891	-0.023741856	-0.015011507	-0.0074849846	0.048278667	-0.0135804005	0.04523882	-0.03917585	-0.029445397	0.029021725	-0.02021223	0.021166913	0.0724274	0.008059369	0.043025218	0.025048772	-0.026149632	0.023684675	0.00089019875	-0.08660744	0.03783031	0.03600558	-0.0071249343	0.0049435315	0.0055516516	0.044156373	-0.0014191804	0.005016391	-0.015576809	0.06851084	0.001084954	-0.034068048	0.12764722	0.059321668	0.006039266	-0.04941569	0.12073644	0.0002718372	-0.003558227	-0.029619506	0.032058723	0.0072794887	0.006893912	-0.0009155247	6.5941464e-07	-0.0028597785	-0.013983105	0.03140585	-0.040824134	0.006705132	-0.062312946	0.10341567	-0.0022621173	0.011050398	0.010132132	-0.07089688	0.014511579	0.026297027	-0.005773722	-0.04548929	0.00018587598	-0.033909224	-0.059269473	0.0020219772	0.019495554	-0.055909194	-0.017680425	-0.018486265	0.008842633	0.031232709	-0.037954688	0.02210866	-0.0431254	0.05446902	-0.068791196	-0.007862225	0.01789335	0.052131318	-0.02494917	0.03147787	-0.2293072	-0.037877306	-0.010010039	-0.009023076	-0.06785524	0.018420327	0.012075409	-0.002478682	-0.021796511	0.049306452	-0.0037781275	0.008419535	-0.017830195	-0.0049224496	0.0029405646	-0.0359318	0.025637794	-0.023124468	-0.039979417	-0.06990916	0.0415722	-0.014565197	-0.07402179	0.02479279	0.04659594	-0.049284834	0.050673302	0.0038515013	-0.03628666
-0.08872647	-0.10078462	-0.0056926343	-0.015110408	-0.026499717	0.013523884	-0.080857515	-0.07396512	0.080540255	-0.022119118	-0.013208306	-0.0063193017	-0.019358251	-0.0066770483	0.052729253	-0.014744513	0.0011292838	0.18658523	0.07336262	-0.03064659	0.050874144	0.087562636	-0.055078223	-0.024365533	-0.05494249	0.028823655	0.03966724	0.012901391	0.026646819	-0.010142831	0.081998535	-0.0315344	-0.004788553	0.00386542	0.19016439	0.061871894	-0.023788506	0.023683634	-8.154028e-06	-0.0070916954	0.00030287728	0.052304845	-0.016423007	0.01046821	-0.0035688337	0.01119883	-0.030068347	0.016515225	0.12069039	-0.03882486	0.044750005	-0.049770694	0.013467286	0.009843913	-0.0127086	0.08283946	0.02664062	0.030563118	-0.017408054	-0.028357409	0.06661859	-0.016647663	-8.239907e-05	-0.019609738	-0.0789504	-0.009390467	0.017933158	0.15669645	0.025067238	-0.1440972	-0.0852053	-0.0140451025	0.010630884	0.007663913	0.018587578	0.06516143	0.014266607	-0.010559017	-0.023644686	-0.002743554	-0.062002458	0.022149356	0.022107594	0.025590423	-0.047209803	0.035334922	-0.021583222	0.14483686	0.08957323	-0.022695381	0.04198357	-0.0632432	-0.12001141	-0.0233501	-0.0833802	-0.02583012	0.008150044	0.033424422	0.051293805	0.013695314	-0.0004945162	-0.04593504	0.01342773	0.020106921	0.0071752695	0.021593584	-0.064719394	0.031495936	0.01188892	0.0073880902	-0.017253628	-0.021709116	-0.015165302	-0.015894268	0.011374614	0.069050886	-0.065798916	-0.052252844	0.087175146	-0.049196403	-0.034928042	0.002112209	-0.035241876	-0.038547926	-0.009538158	-0.010952878	-0.010423084	9.2316736e-07	0.025930319	0.10890075	0.018056668	0.00021002683	0.01803386	0.0021684081	0.012625223	-0.0037177322	-0.044549726	0.015274475	-0.010518802	-0.00017865456	0.048789877	-0.041410312	-0.039573003	-0.10351919	0.06286384	-0.009642815	0.07699686	-0.018767947	-0.05990209	-0.08087151	-0.017823234	0.023317276	0.036926378	0.030080153	0.0036110762	0.018198209	0.12271326	-0.0067315786	-0.016163902	0.032526553	0.015162371	0.013797283	0.01572768	0.030272337	-0.063812435	-0.015163051	-0.015177068	-0.03404919	0.08628537	0.025577055	0.012852417	-0.025412519	0.015832175	-0.013211576	0.009106682	-0.00031510906	0.22580968	-0.043172624	0.009006045	-0.03223026	-0.090607226	-0.022206467	0.012302235	-0.012173719	-0.023287132	0.002256199	0.063703686	-0.017939348	-0.041970618	-0.029107334	0.027332917	0.015228187	0.06049117	-0.06526723	0.0032918402	-0.046692748	0.058283202	-0.015421886	-0.04667397	-0.022623386	0.10297752	0.043088548	0.11024692	-0.00036864873	-0.07956715	0.04597104	-0.11389426	0.070756875	-0.027930776	0.006857746	-0.04557179	0.12208498	0.057603806	-0.03676679	0.004499471	0.040284004	-0.057953425	-0.019955425	-0.15864296	0.015642269	-0.005184527	0.017926414	0.033746403	4.1967176e-08	0.095485635	-0.09826823	0.023727972	-0.014355758	-0.0013350674	0.016266694	-0.023006594	-0.02073249	-0.025215691	0.038745124	-0.1125184	0.005818855	0.020494774	0.021392394	-0.05463092	0.071124665	0.027912071	0.018473327	-0.015917309	-0.024307216	0.025464987	0.013567502	-0.011325379	-0.08937648	0.03587511	-0.008410209	-0.005593575	0.08417024	-0.02596239	0.07009276	-0.11834647	0.0034304513	-0.047011565	0.10350293	-0.06708195	0.016726097	0.02121698	0.02417209	-0.011970519	-0.089406915	-0.038572326	-0.032189455	0.0823402	0.051302228	-0.009226059	-0.0296892	-0.07737408	0.03197168	-0.027421964	-0.06733553	-0.0009432881	-0.0068493905	-0.024787037	-0.01530686	-0.008726431	0.04917549	-0.013582537	0.045781452	-0.0390815	-0.031338517	0.030389363	-0.02028594	0.022763459	0.07329267	0.009203115	0.043757524	0.026687909	-0.026157618	0.024745844	5.3675278e-05	-0.0874095	0.03776917	0.037110038	-0.007251236	0.0029493263	0.0049787275	0.04419044	-0.002089988	0.0067652217	-0.013670396	0.06652641	0.0009402594	-0.03467533	0.12840421	0.05897686	0.0033971642	-0.049482	0.118655175	-0.0012593833	-0.002188569	-0.02974747	0.03304464	0.008533531	0.006046934	-0.00061509974	7.3580145e-07	-0.0044151936	-0.013820657	0.031030495	-0.04139659	0.006629511	-0.062264405	0.102259755	-0.0010839382	0.011528399	0.010869348	-0.071741335	0.013981012	0.026039883	-0.004136613	-0.047249787	0.0022659907	-0.034050442	-0.058984082	0.0031114763	0.01956773	-0.05499549	-0.017330699	-0.020182123	0.007439493	0.031396057	-0.039695013	0.019451993	-0.042477924	0.056478366	-0.067675225	-0.0081555545	0.01617046	0.053625442	-0.023770731	0.030768225	-0.2293599	-0.03783803	-0.009061017	-0.008776765	-0.066549264	0.01903657	0.014247893	-0.004289976	-0.0231458	0.048963733	-0.005842841	0.0067213606	-0.017366702	-0.003840577	0.002684415	-0.034332868	0.02855496	-0.023175115	-0.04142215	-0.069556944	0.04134312	-0.01415464	-0.07366077	0.024973601	0.048378244	-0.04915252	0.04876916	0.004386644	-0.03593255
-0.087942615	-0.10210175	-0.008383157	-0.014218704	-0.02694209	0.015287849	-0.07968123	-0.07534246	0.07975821	-0.024050104	-0.012544521	-0.0068243025	-0.020931732	-0.008840465	0.052945066	-0.015604435	0.0017198905	0.18470298	0.07560289	-0.03117357	0.054194234	0.08674226	-0.056044664	-0.024391681	-0.05562616	0.027866043	0.039473664	0.0143109085	0.025524026	-0.010252427	0.08150958	-0.03427642	-0.005158193	0.0019529572	0.19086228	0.059140343	-0.024355225	0.023378994	0.00059638696	-0.0065166987	-0.00046794594	0.053864695	-0.015105257	0.010072432	-0.0025781137	0.009879945	-0.02996086	0.016405785	0.11754765	-0.03690238	0.0481274	-0.049950924	0.013167707	0.013585335	-0.011319674	0.08229389	0.029102048	0.03161444	-0.01870493	-0.027306309	0.06377532	-0.018447582	0.0006864398	-0.020980291	-0.078494966	-0.008573012	0.018666307	0.15751325	0.026403805	-0.1466122	-0.087800354	-0.014922107	0.010012221	0.0051926365	0.022740407	0.06629281	0.012076749	-0.008694623	-0.024894543	-0.0053206356	-0.06231092	0.021712359	0.02196193	0.0256599	-0.045277733	0.0350639	-0.02542042	0.14527303	0.09255803	-0.023523707	0.04401298	-0.06521428	-0.11737001	-0.02356696	-0.083335795	-0.02395664	0.0077864365	0.031531554	0.0517526	0.010218856	-0.000176202	-0.045500744	0.013078959	0.019139804	0.007439029	0.024149869	-0.06517646	0.03116586	0.009013735	0.009479683	-0.015294399	-0.0218728	-0.013319109	-0.01425053	0.012228701	0.06809977	-0.067424074	-0.05487931	0.08844435	-0.048784226	-0.03639906	0.0028567452	-0.035797067	-0.039661054	-0.011484428	-0.010910413	-0.013009988	7.011148e-07	0.026357846	0.10670142	0.018639674	0.0007105666	0.017429387	0.001411084	0.013914116	-0.0034324052	-0.046530973	0.013452373	-0.013497468	0.00031381976	0.048408125	-0.041591927	-0.03914744	-0.100895345	0.060985934	-0.011860755	0.07567141	-0.016721308	-0.061770093	-0.080746144	-0.019758895	0.02523493	0.039153367	0.03262765	0.0034371805	0.020055965	0.11880017	-0.0064811097	-0.016136898	0.031682134	0.012903315	0.012786893	0.017550075	0.029088456	-0.06119958	-0.012875406	-0.016376242	-0.038274497	0.0877848	0.0285808	0.013768718	-0.020677796	0.015963204	-0.0127851805	0.01250174	2.1040716e-05	0.22722821	-0.040694814	0.008788953	-0.032577362	-0.09298271	-0.024110824	0.012601949	-0.011740271	-0.022824515	0.0051148096	0.0629854	-0.019808998	-0.041212928	-0.030454502	0.030212536	0.013916563	0.06336167	-0.064026795	0.0009004775	-0.04801276	0.061136547	-0.014653556	-0.04678565	-0.022537015	0.099510916	0.0431523	0.111168176	-0.0017193465	-0.0812266	0.04557682	-0.114684954	0.07249798	-0.0282909	0.007295799	-0.045166332	0.12493574	0.056943145	-0.036861833	0.005372551	0.040706	-0.05805767	-0.017431352	-0.15525971	0.01805921	-0.0058403756	0.020205399	0.03281549	-7.368693e-08	0.09658856	-0.09616504	0.022866717	-0.013360444	-0.0049000503	0.017881291	-0.022708977	-0.020582953	-0.020815074	0.038202494	-0.10709858	0.0055011036	0.019425396	0.02145895	-0.051991753	0.06871455	0.025851436	0.019118413	-0.016416168	-0.023478042	0.026548322	0.0117256325	-0.013589744	-0.086685896	0.03773073	-0.009897032	-0.005848076	0.08227803	-0.024377443	0.06988248	-0.11681271	0.0020713846	-0.0479262	0.104717664	-0.07103948	0.014083284	0.01999888	0.023564216	-0.012925404	-0.088250846	-0.038156785	-0.030183744	0.08130207	0.05247057	-0.009218941	-0.028931685	-0.077221684	0.03308744	-0.029222775	-0.068835504	-0.0042350576	-0.00829414	-0.027945995	-0.017279161	-0.009099734	0.0493188	-0.016773386	0.045406505	-0.040309038	-0.033321403	0.031609233	-0.02147677	0.023810282	0.073437266	0.010031925	0.042114407	0.02717398	-0.025825342	0.025404336	0.0008276521	-0.084125906	0.038428895	0.03730478	-0.0066456636	0.0040763933	0.005267082	0.047125705	-0.0003158388	0.006471636	-0.0152750565	0.06578827	0.0020192463	-0.036106095	0.13042788	0.060973693	0.0040363846	-0.048811093	0.11558235	-0.0033033693	-0.001806656	-0.029379068	0.034774236	0.005048901	0.005085429	-0.0019271586	6.514855e-07	-0.003316718	-0.0120852785	0.030267457	-0.04136656	0.007162707	-0.06333229	0.099119686	-0.0012602396	0.009128526	0.011192167	-0.07110893	0.012855361	0.024102673	-0.006745136	-0.047064714	0.004133114	-0.031795714	-0.061529536	0.0014984929	0.017968463	-0.057110913	-0.018804433	-0.018846856	0.0055888584	0.031644046	-0.040285558	0.0207087	-0.043609995	0.05831783	-0.06585161	-0.007099478	0.01720373	0.05541479	-0.023321234	0.029486133	-0.22685212	-0.035626754	-0.010874504	-0.007420675	-0.065220386	0.019059565	0.01321577	-0.004747892	-0.025489027	0.04941907	-0.004918215	0.012540829	-0.01676528	-0.0061559696	-0.0012066782	-0.035810597	0.0258603	-0.025124101	-0.04075822	-0.0728223	0.041187078	-0.015119263	-0.075216435	0.026118176	0.046655264	-0.05159863	0.051228303	0.00650467	-0.03443643
-0.08441629	-0.105564564	-0.006891137	-0.0147375185	-0.026745616	0.011136916	-0.07882836	-0.078208506	0.078611396	-0.020635793	-0.019004153	-0.012691854	-0.020157976	-0.0018775247	0.05151133	-0.014848862	-0.0020873207	0.17621583	0.079355374	-0.036226332	0.053552575	0.08407351	-0.049532283	-0.026266567	-0.050408103	0.027381212	0.041274514	0.014525661	0.026819803	-0.011342601	0.07722358	-0.029862862	-0.007478436	0.003117534	0.18856122	0.06420246	-0.019596722	0.01941298	0.0035506426	-0.0062298877	0.0021443155	0.05653545	-0.012033968	0.011694081	-0.0020754146	0.008352334	-0.02581531	0.015553365	0.11787757	-0.036028076	0.04565914	-0.04734492	0.011973144	0.008178166	-0.013695621	0.08581737	0.02771198	0.033539627	-0.019777993	-0.031451043	0.06511496	-0.019184679	-0.0009650776	-0.019997345	-0.08175072	-0.0073279673	0.018937279	0.16238753	0.028790766	-0.14758149	-0.08826874	-0.015248212	0.00858892	0.009070256	0.026564555	0.064020425	0.015781963	-0.0071748504	-0.019941917	-0.007870791	-0.05907315	0.022150246	0.016026357	0.023489697	-0.046595357	0.035354257	-0.025646685	0.14213191	0.085240774	-0.023241702	0.047792353	-0.06708895	-0.117368706	-0.021395225	-0.08721103	-0.024510648	0.0078342045	0.032082826	0.056287944	0.023824224	-0.0047575054	-0.049584784	0.016670689	0.023924153	0.0017169417	0.025718633	-0.06667522	0.030455597	0.013749831	0.008903417	-0.013288293	-0.021690467	-0.017457817	-0.010842312	0.010217152	0.07255513	-0.064166434	-0.056840606	0.08886759	-0.043449964	-0.042544093	0.005321199	-0.03736421	-0.042152107	-0.01558014	-0.006474227	-0.016589567	1.1879831e-06	0.026906982	0.10682785	0.020450177	0.0023008322	0.014190981	0.002004605	0.013473546	0.00014260905	-0.047132913	0.010492038	-0.01050049	0.0045338566	0.041839544	-0.035779294	-0.036285672	-0.101487115	0.060503528	-0.008982591	0.07665441	-0.017052546	-0.064549595	-0.08336424	-0.01766568	0.025898715	0.04118936	0.029067513	0.0066022417	0.015883192	0.11578959	-0.008676214	-0.014559998	0.032934304	0.016328532	0.012423499	0.01856932	0.030336278	-0.0657677	-0.011401279	-0.0164562	-0.03635113	0.08593503	0.03117447	0.015863132	-0.027085299	0.015571684	-0.013482834	0.014206541	0.0047367206	0.2256739	-0.04692927	0.011102255	-0.036435053	-0.089054644	-0.021018004	0.013585776	-0.010086361	-0.019137599	0.004778998	0.061947364	-0.012173507	-0.048866972	-0.02881386	0.028768681	0.015122795	0.064994186	-0.060072087	0.0019920862	-0.05026425	0.062159028	-0.011011076	-0.048547573	-0.020796228	0.10345924	0.04218975	0.115992725	-0.0022538032	-0.07966957	0.04106029	-0.11675933	0.07494867	-0.032714594	0.0075681848	-0.046312485	0.12378245	0.059214268	-0.037266754	0.0037860728	0.038085666	-0.059460368	-0.021933444	-0.1555849	0.018518802	-0.004997672	0.020531649	0.03653765	2.5062047e-07	0.09241219	-0.099617705	0.025367927	-0.008705227	0.0023334397	0.020318547	-0.025237847	-0.019180838	-0.023289913	0.038067587	-0.10977089	0.0027245309	0.020953584	0.027880954	-0.055457138	0.066346005	0.025007112	0.014321893	-0.013886375	-0.019676272	0.026968567	0.020994239	-0.01665175	-0.085896164	0.04061365	-0.012255689	-0.004051731	0.08361681	-0.026772693	0.073523864	-0.11329438	0.0036723774	-0.04808387	0.100250304	-0.072856225	0.015440139	0.021933716	0.020875394	-0.014801243	-0.08399354	-0.038834523	-0.030435018	0.081740156	0.046091832	-0.0077954656	-0.029426292	-0.07900592	0.03198969	-0.030775057	-0.07466312	-0.004502318	-0.0027835034	-0.024158942	-0.019282512	-0.005733621	0.048881236	-0.014992309	0.044056825	-0.038114104	-0.034631316	0.030810442	-0.019537672	0.020244153	0.07389764	0.004812301	0.045739576	0.030333329	-0.02288544	0.026653333	-0.00034103732	-0.0804321	0.041167904	0.04208086	-0.005345198	-0.0016003465	0.007530364	0.047084097	0.0001506952	0.012120039	-0.015917724	0.06081795	0.00274658	-0.04071835	0.13440906	0.06530975	0.008368273	-0.04715579	0.11116818	-0.005298348	-0.00087386125	-0.030073788	0.035124138	0.0054946616	0.004616939	-0.00166221	8.726507e-07	-0.009131857	-0.012383392	0.030767836	-0.044544734	0.009149995	-0.05545217	0.09765304	0.0026162756	0.009476925	0.009530425	-0.07314419	0.011465862	0.028288234	-0.0039107865	-0.0504759	0.006958554	-0.026830155	-0.060278274	0.0018055903	0.01637013	-0.05558252	-0.017590135	-0.018734021	0.006024678	0.033564195	-0.044256616	0.024888739	-0.044954874	0.06252101	-0.06565217	-0.011149029	0.010946332	0.054675102	-0.026280865	0.033974845	-0.22375555	-0.029779997	-0.012247714	-0.008475863	-0.06809093	0.018772285	0.018309234	-0.008512804	-0.025291437	0.051076304	-0.00662529	0.014220798	-0.016822618	-0.006425883	0.0022011853	-0.036310285	0.022521619	-0.024762996	-0.039828293	-0.06624004	0.044899933	-0.014958482	-0.07750069	0.025056217	0.051593535	-0.047386445	0.045570925	0.0062187747	-0.027555456
-0.10524539	-0.048640057	0.013369455	-0.015401338	-0.022227554	0.008756215	-0.049086347	-0.08197735	0.078916654	-0.02726175	0.030614648	0.03416455	-0.019028984	-0.005310447	0.02128415	0.003251841	-0.00614544	0.21554962	0.039409716	-0.013193575	0.04947893	0.094632685	-0.06434788	-0.00924351	-0.041300442	0.057289965	0.030753504	0.018268116	0.014113688	-0.010622616	0.08077006	-0.03894473	-0.029361986	-0.0028122345	0.16670705	0.040176235	-0.03433885	0.04084624	-0.005405943	-0.011462759	0.019681133	0.02206111	-0.011971292	-0.021087198	-0.027510464	0.026685743	-0.026414054	0.01447011	0.12200593	-0.0715707	0.03619688	-0.053665105	0.014214187	0.027499143	-0.014212842	0.045256034	0.044572596	0.038745858	0.0036407807	-0.016059086	0.04343604	-0.0017151738	0.0073781186	-0.013791089	-0.07633191	-0.0022566307	0.013905112	0.125328	0.07336798	-0.118816845	-0.011164775	-0.01911109	0.023877187	0.0012946621	0.019378055	0.056521997	-0.01746687	-0.009487645	-0.031631444	-0.003938622	-0.04262701	0.0058723586	0.041868478	0.016501615	-0.053289503	0.038096063	-0.02997465	0.14417903	0.13499889	-0.010193513	0.030497765	-0.075542055	-0.067847095	-0.029700546	-0.0872111	-0.035252843	0.0016684507	0.04237167	0.035777286	-0.012126185	0.002197877	-0.03168629	-0.02771427	0.0021688105	0.055218365	0.030561276	-0.0641387	0.006479942	0.00022604133	0.0031426132	-0.008893884	0.0027062828	-0.014080205	-0.024046855	0.01638808	0.10934511	-0.057448	-0.034258883	0.029834254	-0.07828224	-0.043198343	0.0027726982	-0.054266967	-0.02030739	-0.013526457	-0.008458194	0.02049746	1.0256958e-06	0.036214843	0.092108734	0.015496296	-0.008522965	0.04838132	0.0028346328	0.011848502	-0.0065828906	-0.036211945	0.028237872	-0.0060257157	-0.0011152399	0.055932492	-0.05410377	-0.06995258	-0.11312879	0.09877852	0.0043340237	0.07224041	-0.020383112	-0.038050536	-0.07147791	-0.0052177855	0.03160766	0.011792906	0.035312437	-0.014613156	0.0160382	0.13781613	-0.00359316	-0.01985604	0.045117065	0.044253875	0.016908588	-0.02008736	0.040347394	-0.034194607	-0.019331167	-0.013934976	-0.02564204	0.06976987	0.013200041	0.017902948	0.0040652407	-0.0047588004	-0.012669667	-0.035893884	0.007048565	0.1961807	-0.034519248	-0.00010276295	-0.022162568	-0.066434674	-0.027767854	-0.0151285725	0.0047812257	-0.017517477	-0.024106948	0.08838529	-0.009135296	0.012117279	0.002973623	0.0076727197	0.059173126	0.057953287	-0.10100855	-0.0007090108	-0.03952083	0.03385682	-0.044380564	-0.04454474	0.0014635256	0.11764627	0.01586261	0.056550257	0.01353176	-0.08588194	0.038970627	-0.13464046	0.06417911	-0.01870896	0.0029424157	-0.013362888	0.10723656	0.030468637	-0.01803054	-0.018184042	0.033672515	-0.044905607	0.019984912	-0.16100407	0.009690383	0.0011353387	0.011536232	0.05584355	-1.5664756e-07	0.09761064	-0.09765145	0.0039402153	-0.042107783	0.02731848	-4.047552e-05	-0.05107193	-0.024207244	-0.03208804	-0.0072665536	-0.1417793	-0.0026080718	0.008655701	0.000890127	-0.030008728	0.07309656	0.042165622	0.020657316	-0.07716342	-0.025676377	0.014854265	-0.012891741	0.017640727	-0.11711121	0.009411455	0.00051743526	0.032804262	0.09682852	-0.036100943	0.07981125	-0.091930814	0.0031466666	-0.044934284	0.102504425	-0.05294753	0.031081777	0.024438078	0.018253604	-0.012454269	-0.114195295	-0.018248014	0.0072000073	0.08353389	0.057575703	-0.023476403	-0.043900836	-0.100434065	0.035663582	-0.017699987	-0.056974422	-0.008489515	-0.013803745	0.0034721617	-0.0009156192	-0.015726428	0.032261297	-0.014755775	0.023277288	-0.02871997	-0.0061689136	0.036139734	-0.020310037	0.00024459354	0.06733567	0.00069618324	0.0470415	0.013563809	-0.05025217	0.024732886	0.002472635	-0.050092082	0.05186817	0.016976029	-0.0025878164	0.048833802	-0.014241897	0.016340723	-0.019181218	-0.006153918	-0.018958032	0.09944151	-0.01670374	-0.011677444	0.11052376	0.06232219	-0.0026663283	-0.041784726	0.1273126	0.0174862	-0.02620966	-0.014756891	0.013376893	0.016086452	0.04572575	-0.0074317507	4.4460018e-07	-0.01164085	-0.044401795	0.015675472	-0.016262086	0.010307887	-0.081381075	0.08041732	-0.015040342	0.013126155	-0.030433686	-0.08428517	0.025212053	0.05387589	-0.011966903	-0.044761695	-0.04465752	-0.01227242	-0.08271677	-0.013111057	0.008452151	-0.08035453	-0.017145589	0.007824478	0.01354488	0.019087924	-0.02898859	0.035416417	-0.015129385	0.047195368	-0.029983426	-0.033672318	0.011366965	0.033927146	-0.006743927	0.01489258	-0.2372093	-0.029658832	-0.0382798	-0.012427036	-0.074094936	0.010461682	0.0041268906	0.021901201	-0.00458455	0.045434654	-0.027174307	0.004707884	-0.04667755	0.0055640754	0.005919298	-0.056365203	0.027726354	-0.026437642	-0.009837801	-0.072931774	0.00145373	-0.017866157	-0.06507225	0.018852353	0.06526236	-0.07262036	0.041473955	0.013933966	-0.042273123
-0.086903274	-0.090769716	-0.004651549	-0.010326195	-0.03228014	0.011150677	-0.067247525	-0.080973744	0.082270466	-0.0374897	-0.023835149	-0.020353744	-0.018868152	-0.0011200787	0.0459434	-0.021992758	-0.010101404	0.14955766	0.08589076	-0.039430685	0.046522565	0.09108395	-0.064793035	-0.03149316	-0.03819114	0.021884281	0.0541925	0.02248661	0.03277571	-0.0036513163	0.080692425	-0.036473434	-0.01603288	0.0023745592	0.18934326	0.067018405	-0.016579118	0.024645077	0.00055082364	-0.006659137	0.0072894692	0.0658054	-0.01727747	0.016932905	0.00038070488	0.013326477	-0.023196924	0.028509026	0.10583927	-0.026923139	0.06057924	-0.049996227	0.016456643	0.013698636	-0.02185414	0.09814093	0.027687453	0.032958336	-0.03052775	-0.032451827	0.058749434	-0.032330137	0.0070214523	-0.019023355	-0.087388396	-0.012951675	0.01969305	0.13973019	0.01828039	-0.14651793	-0.08647853	-0.027413491	0.0059405537	0.0038300059	0.035012	0.07658995	0.03270211	0.004425933	-0.0201177	-0.0087729795	-0.053153154	0.024464935	0.004427056	0.006783463	-0.051199913	0.029730257	-0.027035771	0.14431229	0.079321265	-0.02063372	0.051855393	-0.0745414	-0.11385105	-0.027356321	-0.08974616	-0.023089446	0.013165622	0.025627978	0.06377342	0.015921917	0.0032644495	-0.051129073	0.0162726	0.015043534	-0.007348811	0.029559005	-0.064862505	0.02878443	0.00909141	0.01892412	-0.02031635	-0.028428039	-0.023550587	-0.0041837604	0.002145777	0.06911472	-0.08168452	-0.07228091	0.097283795	-0.046646927	-0.032371495	0.0021238008	-0.030504985	-0.044468652	-0.023617512	-0.01231258	-0.009041502	1.002379e-06	0.016127767	0.11347873	0.011349478	-0.011059661	0.019378752	0.006983639	0.01810901	0.011965098	-0.04698384	0.010739032	-0.022657998	0.0012218767	0.03845931	-0.03635061	-0.034307357	-0.09415892	0.059414994	-0.0015496218	0.08042805	-0.009956897	-0.066536434	-0.06420887	-0.030838888	0.022146668	0.049633663	0.013787093	0.009011835	0.01886809	0.11015904	-0.00410368	-0.021283548	0.021403544	0.008040494	0.003917413	0.031989355	0.031152176	-0.066884615	-0.018613392	-0.00873456	-0.03883249	0.09175443	0.04017461	0.011529522	-0.03150639	0.022845356	-0.009271671	0.013699909	0.011890826	0.21687804	-0.043861043	0.00017596503	-0.04489071	-0.091090254	-0.021395447	0.01835208	-0.013240429	-0.015257481	0.0022189273	0.05640025	-0.023069797	-0.053927474	-0.030291244	0.033826534	0.02050873	0.072119236	-0.05442701	0.020106157	-0.042112067	0.071073554	-0.009158517	-0.052614696	-0.021262355	0.09836712	0.03749352	0.11326185	-0.015880559	-0.086758144	0.044607397	-0.111441836	0.084763244	-0.03698454	0.022981174	-0.046412818	0.12683213	0.05810848	-0.029621728	0.0027989266	0.044650935	-0.06332279	-0.02782361	-0.14803815	0.027142871	-0.014195529	0.030388866	0.033071417	1.551349e-07	0.09329429	-0.07870322	0.03479569	-0.006599683	-0.011408661	0.0172519	-0.01942803	0.0062147733	-0.021094386	0.032037597	-0.10537583	0.0027252608	0.017502801	0.030654758	-0.062006008	0.06159738	0.0142552685	0.019252036	-0.003231691	-0.013336532	0.017011477	0.0138149215	-0.014848195	-0.09342099	0.060101144	-0.0145571055	-0.019050496	0.08682888	-0.026212322	0.08351187	-0.10692441	0.009749479	-0.04165165	0.09903462	-0.06608475	0.007444503	0.0254167	0.017212646	0.009157808	-0.073541574	-0.043090463	-0.03803201	0.089321375	0.046592295	-0.0049412292	-0.031898715	-0.075498685	0.024307912	-0.036619946	-0.08365448	-0.01744568	0.0076331035	-0.036805138	-0.022310032	-0.019562447	0.048956353	-0.017631555	0.05208074	-0.04314716	-0.047160912	0.03988322	-0.021407846	0.033548303	0.07832443	0.01590038	0.045786135	0.044028662	-0.029382635	0.035009883	-0.009359921	-0.077575415	0.03935996	0.046287816	-0.0028172478	-0.0075568575	-0.004987779	0.058316164	-0.0054740757	0.013298134	-0.0028435292	0.050392304	0.003859238	-0.042319756	0.13698313	0.053523857	-0.008076623	-0.052304927	0.100470364	-0.02120705	0.008251032	-0.0299296	0.03638796	0.006571652	-0.0057064635	-0.00032950082	6.0912913e-07	-0.013095322	-0.009860608	0.023368979	-0.05179424	0.009297932	-0.061456934	0.0859405	0.004082904	0.014495765	0.008187227	-0.080593646	0.0076590795	0.01935421	0.000877913	-0.055544406	0.021711303	-0.028043363	-0.053232387	0.0030584089	0.012095396	-0.05893318	-0.021266496	-0.021356774	-0.0018436946	0.02650892	-0.050503306	0.007958283	-0.035872526	0.07443658	-0.06419046	-0.007208068	0.013418161	0.05635414	-0.014973109	0.02224036	-0.21337077	-0.032211486	-0.008186064	-0.0027490477	-0.05284581	0.021992277	0.03277102	-0.020011375	-0.030426763	0.04649038	-0.011674664	0.0033913522	-0.01507866	-0.0061250445	-0.0015445584	-0.027049974	0.03734539	-0.029954977	-0.04220045	-0.07424662	0.040291816	-0.018397039	-0.069691665	0.029412864	0.048858777	-0.051176015	0.03615625	0.015069436	-0.033801034
-0.078132264	-0.096802674	0.0011500492	-0.005932565	-0.035098944	0.011989596	-0.06678755	-0.077596925	0.079287775	-0.03671552	-0.026020639	-0.023402719	-0.0192887	-0.0012363137	0.04729825	-0.02539267	-0.008176192	0.15275647	0.086037345	-0.045164675	0.04812243	0.08616949	-0.06260797	-0.03340288	-0.038868885	0.020132683	0.052902292	0.01860878	0.031443287	-0.0027756006	0.07502724	-0.033170026	-0.019845827	0.003594619	0.1900348	0.06528507	-0.012391284	0.023155825	0.0037732846	-0.0076823025	0.008413275	0.06567623	-0.022607699	0.021025658	-0.00031861835	0.013394548	-0.020033255	0.027640909	0.107603796	-0.03672172	0.061199024	-0.046368066	0.014704307	0.015430166	-0.018081054	0.095605195	0.028386923	0.035610575	-0.02959334	-0.029253174	0.05533014	-0.031413857	0.0070122634	-0.023196016	-0.093093574	-0.0144472355	0.022399131	0.13978367	0.017242553	-0.14562222	-0.08934146	-0.0239056	0.0026966957	-0.0023624229	0.03675534	0.07374438	0.032013	0.0027808484	-0.022194233	-0.012392986	-0.055486318	0.025658749	0.0021259973	0.009288546	-0.050836265	0.028941661	-0.029408403	0.14908664	0.08045299	-0.024844345	0.053308874	-0.07202157	-0.11909463	-0.026477098	-0.08480018	-0.022403957	0.014229742	0.030555148	0.060592256	0.01233707	0.0064970017	-0.052786205	0.0180708	0.016045786	-0.0042205667	0.03195875	-0.06688803	0.028716566	0.004302796	0.017858313	-0.019636748	-0.03465944	-0.02287638	-0.008977334	0.002116197	0.06936887	-0.073704466	-0.07268576	0.09010407	-0.04505589	-0.035494063	0.0011121698	-0.02797006	-0.037173804	-0.018605761	-0.007898139	-0.005083918	2.060284e-07	0.017050697	0.11189793	0.009488751	-0.009603399	0.019153602	0.011040565	0.01574108	0.014266638	-0.036752243	0.0139856525	-0.021830676	0.00488786	0.039787997	-0.03704415	-0.031232318	-0.09105389	0.062013008	-0.00649528	0.07502474	-0.006281527	-0.06542115	-0.065830015	-0.03391715	0.0231337	0.043034114	0.014780017	0.0055413456	0.014733586	0.11069551	-0.006004942	-0.026206557	0.027516503	0.011253035	0.0051602377	0.030432299	0.02919198	-0.06725527	-0.012283906	-0.010713804	-0.040742423	0.093004726	0.041255753	0.013325407	-0.03886047	0.02519524	-0.013780718	0.010619581	0.009001239	0.21417335	-0.044924773	0.003021021	-0.040503744	-0.09316986	-0.019045409	0.017612193	-0.01631523	-0.014469155	0.0015555426	0.05732923	-0.013377971	-0.051906988	-0.028616615	0.033591475	0.020527745	0.068859905	-0.054429047	0.01810433	-0.036587328	0.06675552	-0.005047026	-0.04995888	-0.021107523	0.09337373	0.03275223	0.11426375	-0.016141167	-0.088103205	0.041338697	-0.112431616	0.08520089	-0.033502992	0.022479653	-0.0476951	0.12804908	0.0635231	-0.037848763	-0.0043988484	0.04753325	-0.062013067	-0.024235671	-0.14970477	0.025314102	-0.009396003	0.026865091	0.031782426	-2.7550223e-07	0.09138878	-0.07396477	0.036229517	-0.007956244	-0.012713351	0.017168995	-0.019025777	0.002619738	-0.019064682	0.032579836	-0.12007253	0.0023189127	0.019843629	0.029500531	-0.064862885	0.05953732	0.010764882	0.02310315	0.00019990561	-0.013100733	0.015235928	0.014344195	-0.009936661	-0.093596384	0.057778187	-0.016699096	-0.02359789	0.08841791	-0.021720737	0.08325737	-0.10896915	0.013729892	-0.038692534	0.096469015	-0.06453571	0.008884028	0.022777136	0.023324026	0.015358844	-0.0734474	-0.044316724	-0.04101304	0.088230096	0.043123633	-0.00539497	-0.028702758	-0.078433186	0.020202726	-0.038398083	-0.08052756	-0.010499361	0.008523055	-0.04039609	-0.020585846	-0.017882269	0.047677007	-0.018580286	0.04964804	-0.04616595	-0.048405178	0.0445026	-0.025964122	0.035737034	0.073519476	0.016549166	0.04599649	0.0413674	-0.025089622	0.0354464	-0.010555276	-0.08576039	0.04118743	0.045831617	-0.0047711018	-0.011210733	-0.0057410533	0.061343707	-0.0083171865	0.016928235	-0.006013838	0.049798146	0.002278078	-0.0417939	0.13028568	0.049232338	-0.0074346485	-0.054693986	0.096705064	-0.023274744	0.008849364	-0.029477566	0.034716174	0.006569711	-0.005667799	0.0013492852	4.7450982e-07	-0.01278373	-0.007091104	0.022199145	-0.05456611	0.013493934	-0.06092893	0.08920785	0.006270718	0.01693486	0.007645839	-0.08316079	0.008502146	0.02491782	-0.0022968731	-0.054767665	0.020520208	-0.03332801	-0.05597595	0.0039284863	0.013411228	-0.057081185	-0.022097683	-0.022859093	0.0010653778	0.02486247	-0.05571143	0.0024945273	-0.042950373	0.07763211	-0.056459308	-0.0043901457	0.012169339	0.056686036	-0.013215469	0.023413397	-0.2178402	-0.031456266	-0.0066596367	-0.003570239	-0.0521627	0.022798022	0.034854654	-0.01949318	-0.030802298	0.04659011	-0.01778395	0.0039234506	-0.018416613	-0.0049417294	-6.0791866e-05	-0.0252494	0.04015167	-0.026586536	-0.043782286	-0.072340585	0.036761638	-0.017215073	-0.07110154	0.03007201	0.054971065	-0.05228436	0.034023464	0.013913294	-0.033503827
-0.07526947	-0.10066202	-0.0018614156	-0.0050184266	-0.03561426	0.011790602	-0.06509053	-0.0782881	0.08650821	-0.04149125	-0.032329876	-0.026977578	-0.016332783	0.000542935	0.044728108	-0.02982453	-0.011706493	0.13689493	0.09243116	-0.04777425	0.054330517	0.08769294	-0.06838116	-0.035642102	-0.0325043	0.01321468	0.05757388	0.024315827	0.037962124	-0.003915837	0.07490286	-0.03446145	-0.015098227	0.0038590143	0.18565094	0.061128777	-0.006459957	0.022201123	0.004673988	-0.0070941644	0.010104397	0.07208223	-0.02250519	0.020889442	0.0032647834	0.015327052	-0.016558843	0.028024731	0.09864039	-0.030074365	0.06773703	-0.043654993	0.015574536	0.021743536	-0.023238491	0.10140625	0.029373305	0.038655747	-0.030091707	-0.028518012	0.053252522	-0.03643796	0.00469589	-0.023810284	-0.089375004	-0.018068174	0.024915239	0.13742179	0.0135608055	-0.14663225	-0.09533764	-0.0321204	-0.0020955785	-0.0058902144	0.037675127	0.072491735	0.034425467	0.00498467	-0.021294763	-0.015221861	-0.05277321	0.030233407	-0.0047064996	0.0041922643	-0.04706225	0.023172693	-0.03405739	0.14713576	0.07157549	-0.021995595	0.058726035	-0.06937615	-0.11805896	-0.028066972	-0.08202754	-0.023549154	0.022750178	0.029236836	0.07146789	0.014171127	0.0047851605	-0.062217776	0.024056762	0.018879352	-0.008849829	0.032168146	-0.064448975	0.031374965	0.002949116	0.018245036	-0.022167066	-0.035552777	-0.026459076	-0.0050702128	0.0012135949	0.06606769	-0.077242285	-0.07245688	0.094005354	-0.04011988	-0.03768795	0.001608003	-0.026161032	-0.041076604	-0.026401293	-0.007039595	-0.0062669097	1.8820867e-07	0.015227507	0.1122127	0.007142302	-0.01540901	0.01738386	0.010013411	0.014959958	0.021775832	-0.036412504	0.012187498	-0.019048221	0.009931132	0.03349105	-0.037125114	-0.031076554	-0.08588769	0.062250424	-0.00058388396	0.07150026	-0.0054023084	-0.070564166	-0.057035215	-0.0369797	0.02182187	0.04296542	0.014747784	0.0074682003	0.017861431	0.10240257	-0.007397235	-0.024640087	0.024345685	0.009171685	0.007544446	0.03668973	0.030589715	-0.06474669	-0.009193124	-0.010333665	-0.048151135	0.08891984	0.043906517	0.018157268	-0.04433757	0.030275661	-0.012184845	0.013691203	0.014281357	0.21331885	-0.044841122	0.002151187	-0.044077244	-0.09201836	-0.013749975	0.021965774	-0.0137875825	-0.014500413	0.0017285619	0.05259215	-0.010729556	-0.055698134	-0.024633382	0.035500605	0.019726453	0.06891531	-0.055447783	0.018679455	-0.040975094	0.07208051	-0.0019580948	-0.057279013	-0.019808307	0.09590146	0.03006668	0.11341159	-0.01889638	-0.08973237	0.04052543	-0.11587225	0.09226113	-0.040309917	0.026687197	-0.04679814	0.13108177	0.06325338	-0.03291793	-0.0022401193	0.049792826	-0.06174869	-0.024279326	-0.14602755	0.02896519	-0.009432755	0.031851023	0.03198404	-2.6504796e-07	0.08888294	-0.062566765	0.0329579	-0.0037937479	-0.017018493	0.02034601	-0.022517787	0.008186073	-0.0211298	0.030527502	-0.113951325	0.0013527323	0.020192891	0.035697624	-0.06502632	0.058297798	0.0075141373	0.022557607	0.0073162518	-0.014333969	0.013676918	0.014306167	-0.010979663	-0.090035714	0.062858365	-0.020649794	-0.024942487	0.08775704	-0.01697159	0.08528494	-0.107110664	0.011466069	-0.039635353	0.098558486	-0.06505238	-0.00021122604	0.025209105	0.021280097	0.016376695	-0.06477109	-0.04557486	-0.039963197	0.088181324	0.039795183	-0.0018110467	-0.028217848	-0.078822136	0.018457728	-0.049179755	-0.091487594	-0.017170303	0.013285095	-0.044516508	-0.029082606	-0.02208725	0.043206986	-0.02056455	0.050450478	-0.04194304	-0.051247258	0.043310456	-0.02764114	0.037130196	0.07391904	0.01315641	0.046531964	0.044167005	-0.02488121	0.039381288	-0.011380613	-0.0819843	0.038870692	0.048832346	-0.008259925	-0.014653622	-0.0075373426	0.062271606	-0.012705846	0.018799925	-0.005667344	0.04112268	0.006424979	-0.046844535	0.1302809	0.042142894	-0.005551096	-0.04769113	0.09025956	-0.03223206	0.009646041	-0.030637976	0.036852024	0.008494043	-0.011694932	0.0003874527	4.915831e-07	-0.010383312	-0.0055607483	0.02540487	-0.056789212	0.013067189	-0.05661148	0.08624449	0.011172406	0.0194022	0.012709124	-0.08116424	0.0048225885	0.021831673	0.00063151814	-0.05868227	0.028596848	-0.03585324	-0.051271223	0.0049546063	0.0130585395	-0.0521153	-0.022023244	-0.025574792	0.0007342254	0.028804174	-0.060312122	0.0010267657	-0.04086105	0.08143642	-0.05475005	-0.00057081995	0.014077913	0.057231024	-0.013152303	0.01788556	-0.21014917	-0.02597024	-0.0053881425	0.002154848	-0.04746239	0.020405717	0.040438466	-0.02287097	-0.032503903	0.04898808	-0.019386962	0.00017782359	-0.013979885	-0.0040167696	-0.008031695	-0.023156084	0.044551942	-0.027618261	-0.047373343	-0.07116212	0.039720032	-0.014914002	-0.07429743	0.030621631	0.052438267	-0.053533275	0.03536882	0.009512606	-0.034950487
-0.07307587	-0.09978598	0.0041114083	-0.0029050123	-0.03586506	0.007677178	-0.061555356	-0.07859208	0.087016895	-0.040025048	-0.03226293	-0.03156949	-0.013823337	0.0013278996	0.047258895	-0.028486785	-0.01378967	0.13297535	0.08952949	-0.052344784	0.045348205	0.08682304	-0.068849005	-0.034727544	-0.028732048	0.013597178	0.05745445	0.02865976	0.04020915	-0.0016007731	0.072275825	-0.036204726	-0.01536528	0.002561122	0.18639897	0.06288297	-0.0030668748	0.015645197	0.005943172	-0.002416003	0.010705631	0.07605814	-0.019198097	0.024670416	0.0037934603	0.011672942	-0.013240483	0.030745247	0.096851364	-0.025662605	0.07249849	-0.039727334	0.01998755	0.022683777	-0.026047176	0.10440745	0.02857184	0.037901152	-0.031983893	-0.031450566	0.05472141	-0.036442526	0.00780038	-0.021772096	-0.0944613	-0.018295912	0.024937363	0.13621055	0.014211088	-0.14180194	-0.09524703	-0.032384366	0.0022357847	-0.0031893186	0.044689283	0.07466669	0.044049054	0.00509348	-0.018006988	-0.01444725	-0.053334925	0.027471356	-0.0129486155	0.00030194514	-0.050339106	0.021167615	-0.029619928	0.14814027	0.06677185	-0.023978716	0.06066888	-0.068414375	-0.11971782	-0.026808033	-0.07861539	-0.021755908	0.018708631	0.024916526	0.0645009	0.020663481	0.0017133525	-0.06309059	0.03123446	0.01783277	-0.014898069	0.03027359	-0.06568056	0.030190332	0.0010759056	0.022089088	-0.022824792	-0.038190793	-0.0329902	0.0015463083	0.0021036668	0.060513638	-0.07595832	-0.08117351	0.09121227	-0.035450365	-0.03552525	0.0017709123	-0.024723975	-0.040650252	-0.022174774	-0.0097493455	-0.00993483	8.114149e-07	0.012865238	0.115472734	0.0066726063	-0.014775815	0.0138821285	0.013373031	0.020703912	0.024266638	-0.032457348	0.008368384	-0.021191034	0.010779988	0.031666894	-0.030207817	-0.026233643	-0.0802624	0.06498514	-0.004713678	0.07400167	-0.0018754042	-0.06970213	-0.058320142	-0.04154693	0.019693866	0.042158004	0.008800496	0.008721704	0.01854141	0.09882956	-0.008443419	-0.024330735	0.023034656	0.011562001	0.004107059	0.038037714	0.029748073	-0.06503072	-0.00981859	-0.009000352	-0.048401184	0.092638716	0.04835396	0.020822799	-0.04818337	0.03500552	-0.013854244	0.016072294	0.012934404	0.20708792	-0.050777745	0.000829356	-0.049316674	-0.09223227	-0.010809912	0.024762593	-0.016183808	-0.013479372	0.0032496974	0.051532343	-0.010430929	-0.06714511	-0.029434983	0.037494853	0.022252971	0.0737326	-0.04532088	0.027607005	-0.036349155	0.0775137	0.0017725782	-0.05653977	-0.018218974	0.09274708	0.03078384	0.1165865	-0.020932	-0.094692715	0.040514566	-0.107853554	0.089724556	-0.037885558	0.028448459	-0.047198188	0.13355158	0.059797015	-0.035550434	-0.00323483	0.049005195	-0.06677761	-0.027072962	-0.14035545	0.033888754	-0.011371917	0.033652667	0.027917672	1.250966e-07	0.089098275	-0.059399422	0.037476942	0.0009404074	-0.018745411	0.021069448	-0.015496041	0.012113959	-0.021745026	0.035033457	-0.11875539	-0.0019267508	0.02132321	0.035764437	-0.069804534	0.054663155	0.0068404577	0.023168147	0.013844412	-0.0112348655	0.01085855	0.018572537	-0.014462162	-0.08826799	0.07167548	-0.024679368	-0.03264458	0.08945099	-0.017257342	0.08615363	-0.099643	0.010421554	-0.031641316	0.09255888	-0.061786454	0.0018071787	0.020786893	0.018270718	0.022129817	-0.06314187	-0.047120947	-0.041909594	0.09152753	0.036426824	-0.00051881943	-0.028948085	-0.070353396	0.013614049	-0.04857155	-0.09145934	-0.020186916	0.01887518	-0.042696327	-0.030706007	-0.023260765	0.050404046	-0.021040699	0.054197222	-0.041829024	-0.056122385	0.04106219	-0.023877604	0.03364868	0.08019784	0.017920155	0.04556534	0.049981505	-0.024711525	0.042859726	-0.012886501	-0.080620244	0.041999698	0.050501436	-0.00907787	-0.020027317	-0.008730902	0.061606772	-0.010074166	0.024425337	-0.0026137356	0.037005953	0.009972056	-0.04580767	0.13314815	0.045726635	-0.010903374	-0.05041902	0.08476607	-0.036714368	0.012487531	-0.030417634	0.038971707	0.008371043	-0.013485391	0.0043681497	7.75363e-07	-0.018550627	-0.005771467	0.024039447	-0.057840247	0.010960357	-0.055055574	0.08698757	0.011001064	0.022554206	0.016395727	-0.08410246	0.003071372	0.015498029	-0.0013174257	-0.057935134	0.031127363	-0.028001625	-0.05083048	0.0065405476	0.007934873	-0.050358742	-0.017578622	-0.033940922	-0.0037777948	0.02537153	-0.06066781	-0.0033382466	-0.039080452	0.085080795	-0.05449799	-0.0035458438	0.007857316	0.055989638	-0.009964987	0.015723867	-0.20775996	-0.019096565	-0.0026305285	4.179019e-05	-0.046260882	0.021105343	0.043125935	-0.0303779	-0.03795167	0.049404163	-0.019262614	0.0018317288	-0.0124011645	-0.0039640805	-0.00302749	-0.01738789	0.046656705	-0.028099287	-0.045733362	-0.067049704	0.035278488	-0.021880265	-0.07313221	0.028240193	0.053716518	-0.05151758	0.030483551	0.014942102	-0.028033128
-0.07046324	-0.09321448	8.779919e-05	0.00070751825	-0.031397577	0.009363331	-0.06270147	-0.07815682	0.0848004	-0.047000416	-0.035537004	-0.03378706	-0.01759025	0.0022155598	0.04533793	-0.036016524	-0.015132327	0.12789498	0.08963284	-0.05025486	0.046526905	0.08466742	-0.07146751	-0.043864854	-0.030001543	0.007600721	0.058111534	0.031620946	0.03368144	-0.00032139337	0.064593	-0.04434227	-0.016262032	0.0015795127	0.18480416	0.060179234	0.0006655362	0.017790021	0.008672354	-0.0068792743	0.01250528	0.07592957	-0.02414021	0.02502153	0.007941952	0.010888718	-0.012909951	0.03364091	0.09166353	-0.02165481	0.079237446	-0.04103227	0.02030087	0.026635718	-0.026075855	0.1062707	0.03275062	0.042734828	-0.032047037	-0.03108831	0.05051994	-0.03695823	0.011429377	-0.01710069	-0.09435173	-0.017369965	0.027932394	0.12799394	0.0038303991	-0.14139648	-0.09726517	-0.035093132	-0.0053499453	-0.010308087	0.050581	0.077384815	0.04813446	0.0054505183	-0.012832088	-0.020591853	-0.05223129	0.026537422	-0.017043171	0.0007788909	-0.047486898	0.021148046	-0.031503223	0.14856116	0.065640174	-0.022670679	0.06247126	-0.06978354	-0.11886438	-0.02954943	-0.08057491	-0.018713372	0.018875565	0.020402377	0.06793585	0.013191649	0.0027279921	-0.06164881	0.023060018	0.015281129	-0.014081525	0.032404326	-0.063689664	0.0337882	-0.0013082091	0.025158303	-0.01995683	-0.043559182	-0.029150035	-0.001348005	-0.0023768723	0.05913438	-0.08500361	-0.08948233	0.09503934	-0.042038403	-0.036179718	-0.0002068666	-0.021934723	-0.04167925	-0.024245417	-0.011972523	-0.008483012	-3.6455202e-07	0.011759399	0.11194967	0.00895855	-0.028662855	0.015059675	0.015957143	0.023416331	0.02754862	-0.031404637	0.008368352	-0.030917307	0.016378434	0.030383492	-0.03652314	-0.028928807	-0.07252665	0.06228557	0.0010195841	0.06824762	0.0028928746	-0.065827124	-0.05423819	-0.040644083	0.020969361	0.049912483	0.009109437	0.007493656	0.020766037	0.09175711	-0.0052282303	-0.02777389	0.020805124	0.008991807	-0.0012260774	0.046355866	0.025952643	-0.063802935	-0.0045889276	-0.007296135	-0.050823677	0.09180104	0.051845513	0.021641437	-0.05220486	0.032747433	-0.014690836	0.015446973	0.014975088	0.20024589	-0.047875777	0.00046931035	-0.047430407	-0.09016032	-0.010143787	0.027592804	-0.010919492	-0.00883851	0.0050002974	0.054605357	-0.010960764	-0.0676119	-0.028909687	0.03944093	0.020498242	0.07683267	-0.04836555	0.03013018	-0.033079956	0.077447675	0.0005732105	-0.055216245	-0.020689059	0.0886305	0.03375925	0.11230397	-0.027796738	-0.09521996	0.037263382	-0.10755272	0.0937023	-0.03885744	0.033294626	-0.04779998	0.12970105	0.061994832	-0.03841942	-0.0033535857	0.04408625	-0.06488013	-0.021818578	-0.14199913	0.035802938	-0.01312326	0.034250695	0.025571154	-4.639262e-07	0.08302101	-0.048310835	0.038406014	0.0010771046	-0.030899039	0.021597812	-0.017309407	0.02010069	-0.01516809	0.037041098	-0.11421136	0.0010771884	0.01915173	0.036132634	-0.06725017	0.052677676	0.0005959174	0.02314909	0.010874642	-0.011407004	-0.00021494867	0.011647905	-0.010032019	-0.08879545	0.07101468	-0.020790195	-0.03674497	0.09224492	-0.01954853	0.084145926	-0.091475196	0.014365229	-0.038072195	0.09638731	-0.05766267	-0.001823909	0.023754755	0.023634579	0.03343681	-0.05733928	-0.049065027	-0.04476768	0.09318758	0.039337	-0.0029272498	-0.025722094	-0.072710514	0.0084167635	-0.049102772	-0.0970911	-0.020703755	0.021246688	-0.053151075	-0.030224921	-0.024000905	0.051189233	-0.018480452	0.05797997	-0.043300267	-0.06320553	0.046730515	-0.020210316	0.04269312	0.07630429	0.02255487	0.046881292	0.051688083	-0.02850363	0.042835746	-0.015772097	-0.07976351	0.03916642	0.05123056	-0.010129193	-0.018136958	-0.016723653	0.06425889	-0.014166574	0.025380371	0.0021639427	0.029043641	0.0060041063	-0.051238153	0.13502508	0.037107863	-0.01705826	-0.04916054	0.07507154	-0.042069983	0.009761102	-0.03645567	0.038584452	0.006201982	-0.020008901	0.0040243957	4.1119662e-07	-0.020372933	-0.003954171	0.024595285	-0.060034785	0.013524197	-0.051454827	0.08377576	0.014237385	0.023369676	0.01490455	-0.082329996	-0.0027752395	0.014851769	-0.0005919787	-0.06290219	0.030274754	-0.028657475	-0.046193816	0.007285318	0.00818121	-0.054113664	-0.018072942	-0.03615765	-0.009432247	0.023896053	-0.071382135	-0.012320171	-0.041272476	0.08814677	-0.046778075	-0.002646281	0.0067573674	0.059460472	-0.008543634	0.0161594	-0.20423363	-0.018594477	0.0009724754	0.003665135	-0.041524354	0.02607005	0.046039052	-0.032337565	-0.036365118	0.04309393	-0.02369662	0.00751488	-0.010558892	-0.0015135948	-0.0064146537	-0.015612538	0.051554084	-0.030872144	-0.04798739	-0.07601102	0.033442773	-0.018620402	-0.073330365	0.0309444	0.05463346	-0.05254245	0.025355678	0.016856816	-0.029293343
-0.0743257	-0.10098179	0.004366073	-0.0007832524	-0.035192374	0.011077197	-0.060215533	-0.076764695	0.08497925	-0.04929291	-0.035149924	-0.038049597	-0.010848054	0.005636462	0.041387603	-0.030199766	-0.017972456	0.1233709	0.09162137	-0.051605415	0.047852185	0.089641295	-0.07305137	-0.04369592	-0.028257055	0.0084699225	0.05909333	0.026866734	0.041239526	-0.0020914758	0.07607849	-0.03877764	-0.014454502	0.0016293194	0.18059056	0.06528489	1.27363355e-05	0.02103049	0.0036363376	-0.0064237094	0.017787535	0.08224558	-0.024948776	0.029251711	0.008140311	0.017408561	-0.013460977	0.036178835	0.09032583	-0.02191255	0.07212833	-0.039696544	0.01842362	0.02564066	-0.028272977	0.10658204	0.02586918	0.042335987	-0.034029674	-0.034245465	0.053649202	-0.04143442	0.009849304	-0.026643973	-0.09426224	-0.021785986	0.024070894	0.12589115	0.0046334704	-0.14052287	-0.096889816	-0.037218437	-0.0021615634	-0.0060528647	0.0448466	0.076299384	0.048187856	0.0082902685	-0.017350864	-0.019874435	-0.053634465	0.03152146	-0.019585898	-0.004517264	-0.04697806	0.020574857	-0.02799708	0.1449509	0.06335799	-0.019900097	0.0653559	-0.072765425	-0.11774813	-0.032168783	-0.08011647	-0.016916849	0.023108708	0.019374413	0.06864279	0.02357283	0.005373808	-0.065491736	0.026066035	0.013918359	-0.014590862	0.035664372	-0.06314664	0.026364082	-0.0061077224	0.019552696	-0.023537789	-0.04712741	-0.0322495	-0.0008157941	0.0011919519	0.059877392	-0.0805138	-0.08461548	0.09510446	-0.038172953	-0.032898374	-0.0046124896	-0.019723551	-0.042121015	-0.022422878	-0.012691642	-0.005233853	-1.1652162e-06	0.009425939	0.118669346	0.001440556	-0.021575838	0.017129902	0.017090144	0.02005477	0.032961447	-0.033534307	0.013673527	-0.018984985	0.01284453	0.025366114	-0.03670677	-0.026075175	-0.076991014	0.057414435	-0.0014813731	0.0733884	0.003303816	-0.07173895	-0.046906583	-0.04581001	0.019777834	0.04370471	0.0027625703	0.011758305	0.017999431	0.09072588	-0.006979462	-0.03296327	0.018746013	0.009064001	0.0027649533	0.04257325	0.027707797	-0.067532375	-0.011718656	-0.011943597	-0.051390328	0.08899744	0.051068787	0.019716632	-0.056306716	0.032662306	-0.015864333	0.0152622815	0.017915387	0.19991857	-0.046937417	-0.00081126665	-0.04691584	-0.09573163	-0.008942593	0.02188835	-0.014084239	-0.008546563	0.0010492578	0.04811712	-0.011725399	-0.062372874	-0.02939157	0.039557345	0.024884135	0.075979464	-0.048757404	0.030376405	-0.034932353	0.0774478	0.0013894031	-0.055273846	-0.021387324	0.08327847	0.027812876	0.115847014	-0.0273788	-0.09545212	0.03729158	-0.10843042	0.09504075	-0.039173782	0.033502847	-0.04569814	0.13203402	0.057441093	-0.033610936	-0.0048158336	0.051685415	-0.06937257	-0.028092368	-0.13363019	0.03753245	-0.011272608	0.034383662	0.027991232	-8.562661e-07	0.08207803	-0.05106858	0.039396416	-0.002192931	-0.021932911	0.020028781	-0.019185528	0.0204336	-0.014696105	0.03429904	-0.11482135	-0.0038378653	0.021935776	0.03829855	-0.071359284	0.050993517	0.0029747544	0.027595809	0.023578186	-0.010352678	0.009740994	0.018080454	-0.013989037	-0.087811515	0.077859305	-0.024000084	-0.037465524	0.09269069	-0.017257435	0.08733365	-0.09954595	0.0139078135	-0.032773234	0.09085262	-0.0611586	-0.0055991197	0.020018367	0.018771194	0.02945254	-0.057750966	-0.047655135	-0.04850818	0.089855574	0.031256292	-0.0042301966	-0.028049411	-0.06975766	0.009010225	-0.050924383	-0.0929433	-0.01818942	0.023561105	-0.05379039	-0.032036945	-0.028120393	0.047155768	-0.018988835	0.05581883	-0.0411781	-0.05683349	0.045836166	-0.024900286	0.04319425	0.07488786	0.019585676	0.045967646	0.055046156	-0.026232047	0.042848848	-0.016014302	-0.084600754	0.03699578	0.051236525	-0.015084362	-0.022468604	-0.011745714	0.06523991	-0.013037027	0.02617197	0.0008695614	0.028490873	0.0084071895	-0.050908167	0.13521844	0.035101198	-0.020402756	-0.05426193	0.074130125	-0.04242279	0.012598474	-0.03262621	0.04038647	0.009321147	-0.01841302	0.005329685	1.1153543e-07	-0.015685191	-0.004471198	0.018448364	-0.06501171	0.010904098	-0.056302514	0.08049105	0.01392871	0.023269124	0.012439379	-0.08135679	0.0027125166	0.0164279	0.0009132865	-0.065614276	0.030776035	-0.02959075	-0.04613888	0.0066087726	0.010850558	-0.049026534	-0.022738107	-0.03278371	-0.0052266126	0.017814754	-0.07143146	-0.010848958	-0.038177107	0.08593054	-0.051296167	0.0027594434	0.010035432	0.05766909	-0.005375319	0.011919497	-0.20030063	-0.024896268	0.002779901	0.0014451261	-0.044184566	0.020910678	0.050537344	-0.03524642	-0.03980514	0.041787036	-0.022720343	-0.0038848382	-0.016268339	0.001461144	-0.004534639	-0.015947262	0.053374987	-0.032514025	-0.049681142	-0.06622466	0.031363994	-0.017806811	-0.067446254	0.035086058	0.052565493	-0.05494922	0.027056882	0.016010411	-0.034411103
-0.06929144	-0.09755463	0.0047833743	0.00048054362	-0.035780877	0.007976871	-0.06508243	-0.078401655	0.08054298	-0.044839025	-0.03713759	-0.035491414	-0.015239025	0.0014102702	0.041253667	-0.032428678	-0.014500995	0.122285575	0.096706614	-0.05442211	0.04940945	0.08555641	-0.072774485	-0.042583644	-0.022768626	0.010810035	0.062458087	0.027859243	0.03997394	0.0042273724	0.06871584	-0.038749885	-0.022740852	0.00031908546	0.18302052	0.06090974	0.0065633776	0.019936673	0.002484958	-0.0040900433	0.012100488	0.079165265	-0.024013592	0.03057281	0.005838995	0.013254741	-0.009948685	0.035663277	0.09108214	-0.02778504	0.08003034	-0.04234069	0.015264247	0.023941863	-0.028128484	0.10586332	0.028857073	0.043159757	-0.03434645	-0.031786457	0.04583752	-0.041042596	0.011633527	-0.02470348	-0.09521696	-0.02471834	0.028760225	0.12903334	0.007969943	-0.13673332	-0.09609964	-0.037554495	-0.0009858116	-0.010135854	0.048358716	0.07977924	0.050720714	0.009028831	-0.017386304	-0.020581782	-0.054743763	0.029458692	-0.018448014	-0.00574907	-0.048145324	0.021356294	-0.027131464	0.14648776	0.06370155	-0.021252854	0.06254542	-0.06988651	-0.118907005	-0.023582973	-0.079247475	-0.020775767	0.016754702	0.023573585	0.06917832	0.019099262	0.0020424365	-0.06544235	0.02901933	0.017855529	-0.01219646	0.033022583	-0.06341471	0.024831532	0.0009902308	0.024341669	-0.018436601	-0.045317736	-0.02980342	0.0031042674	-0.0017311652	0.061373785	-0.08238346	-0.08914418	0.08785033	-0.03591017	-0.037885863	-0.0023108316	-0.01915141	-0.0385926	-0.026777968	-0.008705385	-0.008496697	8.1148465e-07	0.010895916	0.11654644	0.0037214542	-0.023668166	0.01622154	0.012540741	0.024985276	0.031443585	-0.03013343	0.01233051	-0.023934588	0.010653639	0.027277628	-0.029465556	-0.026934834	-0.074383005	0.062650636	-0.0034447853	0.07387163	0.009146541	-0.06676938	-0.05375885	-0.046044055	0.018027967	0.045137152	0.0033440832	0.011696762	0.018373286	0.089686744	-0.009596013	-0.029184511	0.021012824	0.011143034	-0.000841469	0.042452265	0.029622093	-0.06372646	-0.00822592	-0.0071933107	-0.04894127	0.09382486	0.05082891	0.022442125	-0.05491876	0.037426032	-0.014449028	0.017227903	0.013334804	0.200272	-0.04961773	0.0011201986	-0.052198302	-0.09185695	-0.008422898	0.019815536	-0.019510513	-0.011250833	0.0030977565	0.047254063	-0.011322232	-0.07175602	-0.03189382	0.040783804	0.023128252	0.07729177	-0.042878576	0.030322306	-0.030109627	0.07775545	0.00510866	-0.055716567	-0.017527511	0.08475644	0.027321333	0.115360275	-0.027103124	-0.094735354	0.04111081	-0.10455786	0.095340036	-0.035692394	0.038003236	-0.048443876	0.13020776	0.05832352	-0.032692604	-0.0046598883	0.055157382	-0.066523775	-0.027731314	-0.13426656	0.033140283	-0.011453074	0.032878272	0.024976775	9.950303e-08	0.08742042	-0.04690391	0.039194897	0.0044800686	-0.025625093	0.023787724	-0.015407889	0.023020398	-0.015925918	0.035017066	-0.11558387	-0.0021635012	0.018511254	0.03798578	-0.07039781	0.04677242	-0.0042663906	0.023364	0.020814551	-0.01070667	0.0058230623	0.019107297	-0.013391512	-0.08853407	0.07987929	-0.026558788	-0.040441304	0.09255849	-0.014064414	0.08900503	-0.092733815	0.019078199	-0.028214863	0.08731313	-0.05792511	-0.004053845	0.01891661	0.017800814	0.03485909	-0.0581852	-0.04931042	-0.046760917	0.09350693	0.031559348	0.00066842564	-0.02816818	-0.066056825	0.008726303	-0.053789794	-0.093116894	-0.02059563	0.025747404	-0.04839057	-0.029663444	-0.024100639	0.048768513	-0.020508036	0.05473154	-0.044823546	-0.061350368	0.046869062	-0.026777891	0.041459914	0.07898087	0.019399652	0.048877906	0.056802675	-0.026113154	0.049188193	-0.017323442	-0.08110597	0.0457721	0.05639869	-0.010011093	-0.02416229	-0.011287017	0.070515595	-0.007670529	0.02731328	0.0043148817	0.029224101	0.014308523	-0.049092203	0.13275635	0.040015757	-0.016585052	-0.052687835	0.075779654	-0.042539515	0.014777317	-0.03186498	0.04160268	0.00986638	-0.015267427	0.002987344	7.1404116e-07	-0.019079402	-0.0045220656	0.020550761	-0.06552114	0.013066259	-0.04999518	0.08249501	0.01280152	0.025007134	0.012957191	-0.08408048	-0.0012842593	0.014197643	-0.00049232115	-0.059170127	0.038119636	-0.025306102	-0.052699193	0.0094874045	0.008057951	-0.050191183	-0.01912686	-0.035339125	-0.007078351	0.019530945	-0.06543934	-0.009469457	-0.03905176	0.08589251	-0.047766946	0.0030244656	0.006557131	0.05679669	-0.0035052374	0.015381705	-0.20024998	-0.017415851	0.0016432942	0.0027812428	-0.041134134	0.028028158	0.048826106	-0.03487644	-0.041333467	0.046055682	-0.024794536	-0.001651833	-0.016017696	-0.0017694184	-0.0043360223	-0.014062127	0.053403515	-0.030305851	-0.04883343	-0.06967057	0.03331374	-0.02196498	-0.07175821	0.029037813	0.049878698	-0.05409982	0.021468667	0.020002002	-0.028423954
-0.06841171	-0.07894124	0.011562679	0.0018725964	-0.038500544	0.009060135	-0.051114332	-0.07486382	0.08621914	-0.055988777	-0.043451637	-0.035459943	-0.013882016	0.009743514	0.03256887	-0.038003054	-0.027179109	0.11174652	0.09530971	-0.052723836	0.038683705	0.091413096	-0.082251415	-0.04260785	-0.01059013	0.001995047	0.067088164	0.031099662	0.046386156	0.008833256	0.06365795	-0.044525977	-0.027939443	-0.00048423655	0.17441352	0.056827094	0.013853602	0.022932801	0.0071611246	-0.0046157655	0.020334808	0.08474167	-0.027360588	0.037422813	0.008782166	0.017052962	-0.009189415	0.045162603	0.0782336	-0.0149185015	0.08475256	-0.03525154	0.023740586	0.027933994	-0.028583946	0.1123199	0.029373273	0.04724269	-0.04323724	-0.031419143	0.037134003	-0.047779344	0.019126477	-0.020171091	-0.10377858	-0.01738026	0.027891234	0.11370941	-0.008432998	-0.12825756	-0.088165246	-0.04939151	-0.0076843454	-0.014418352	0.056871966	0.08145229	0.06216839	0.0053413254	-0.011689554	-0.019685663	-0.049315013	0.02907964	-0.036855094	-0.020594675	-0.04156755	0.011487479	-0.031559672	0.14146106	0.05225867	-0.026840769	0.06615989	-0.07049554	-0.10746627	-0.034426175	-0.07421206	-0.018535027	0.025325276	0.016637504	0.06750317	0.017286291	0.009392103	-0.062627554	0.03390577	0.012475673	-0.010827386	0.041357733	-0.060384184	0.023875223	-0.0063905744	0.027558455	-0.026906626	-0.053085495	-0.03797965	0.005070512	-0.004110665	0.057310585	-0.08443291	-0.100085095	0.091021635	-0.034556556	-0.028318657	-0.0074679116	-0.01550615	-0.038086835	-0.027608043	-0.013820725	0.0020108882	-3.6647796e-07	0.0019658548	0.11424982	0.0023351556	-0.03446676	0.011737836	0.03641632	0.028488752	0.04250722	-0.027777046	0.013268858	-0.031506762	0.013202881	0.019446664	-0.029532341	-0.021835137	-0.06600502	0.054979116	0.0005524452	0.06837765	0.013037431	-0.06366172	-0.033654638	-0.05414627	0.017553424	0.04643426	-0.004289419	0.0050790026	0.015563797	0.08286684	-0.0055898144	-0.03733193	0.0124381585	0.004955206	-0.009004354	0.04608166	0.02001145	-0.06776014	-0.0059524714	-0.0045775524	-0.05467115	0.09139677	0.058804158	0.022059081	-0.059418537	0.040667698	-0.012567528	0.014373057	0.03020163	0.1839489	-0.047744934	-0.005949134	-0.055393543	-0.0892155	-0.010149392	0.02479166	-0.016910296	-0.0035358882	0.0010420618	0.046105795	-0.012809242	-0.07139798	-0.032334037	0.04056399	0.026641278	0.0864044	-0.036668476	0.04681144	-0.023563389	0.07374841	0.0123500945	-0.05553919	-0.015002481	0.07593254	0.021229658	0.11123391	-0.040623885	-0.095692046	0.04032214	-0.10235763	0.09398546	-0.040800244	0.045092862	-0.044412952	0.13518724	0.056431994	-0.029058417	-0.008825976	0.060217086	-0.065210626	-0.030102648	-0.13067697	0.041979812	-0.011468396	0.03689172	0.023532975	-3.6554252e-07	0.07021264	-0.028284336	0.04662883	0.002601537	-0.032930113	0.011195186	-0.01292495	0.036357448	-0.0144169135	0.03053523	-0.115484804	-0.0064626504	0.021002045	0.043205857	-0.07141283	0.041945126	-0.009758766	0.03024874	0.033245467	-0.005421429	2.7828602e-05	0.013615467	-0.007306125	-0.08979291	0.09649654	-0.024902506	-0.05039929	0.09764681	-0.014906993	0.086512536	-0.086993776	0.022080587	-0.020897424	0.083593406	-0.051534697	-0.011822603	0.01732967	0.015154518	0.056967933	-0.046080865	-0.04424182	-0.051120453	0.09505884	0.038065016	-0.00093792443	-0.02153351	-0.06988276	-0.0007225249	-0.06129462	-0.0938169	-0.028043257	0.034725964	-0.05636778	-0.029956168	-0.03654007	0.04630813	-0.024481166	0.062359452	-0.042479075	-0.070503704	0.050803885	-0.023792593	0.04675023	0.07880688	0.025446337	0.04246077	0.06786933	-0.019829225	0.047644198	-0.021474628	-0.08098764	0.044858657	0.059055574	-0.008654273	-0.023706786	-0.019675931	0.0732541	-0.016747825	0.033372607	0.013630319	0.019052641	0.006865353	-0.05984221	0.13875057	0.026904566	-0.03424535	-0.055524632	0.057014722	-0.061945044	0.020806137	-0.039301135	0.04232193	0.0039028004	-0.026236894	0.011787818	5.646111e-07	-0.025002146	-0.0038052576	0.01681263	-0.06586504	0.017289791	-0.054392293	0.07384285	0.017509168	0.024972524	0.009235301	-0.088791244	-0.005424761	0.01977072	-0.0045467154	-0.0670011	0.042104635	-0.01972029	-0.044767283	0.0067506013	0.0025623476	-0.049761128	-0.02300616	-0.03553482	-0.01328811	0.010514015	-0.071980864	-0.023623131	-0.035276353	0.09778203	-0.03464612	0.0061252015	0.003768081	0.057217762	-0.0013741388	0.0019343586	-0.18620008	-0.011198822	0.0034410653	0.0067714546	-0.033932623	0.027544262	0.064377494	-0.04620706	-0.042441893	0.04143674	-0.036805596	-0.0008118687	-0.022388354	0.0064353608	-0.0012486535	-0.004593585	0.06471074	-0.027745418	-0.047942955	-0.07546562	0.021568015	-0.01884615	-0.06135514	0.029007059	0.060313255	-0.044662807	0.009424136	0.02905782	-0.027544927
-0.06904911	-0.08746266	0.009487753	0.006526418	-0.03729712	0.008141484	-0.051068813	-0.0774234	0.08317398	-0.05627561	-0.04123327	-0.03872889	-0.011631996	0.00995441	0.031554274	-0.040109962	-0.025043331	0.1042467	0.09865852	-0.058166243	0.038854647	0.08961158	-0.07922133	-0.045982853	-0.01111206	0.0020855141	0.06826461	0.028501386	0.045246247	0.007666689	0.06007981	-0.04059824	-0.024793781	-0.00026091438	0.17074066	0.059914626	0.01739313	0.02364241	0.0054920083	-0.0036868623	0.020193052	0.08593916	-0.026582515	0.03683142	0.005529288	0.013961143	-0.0068308855	0.04390703	0.078923896	-0.017052686	0.08941642	-0.037617672	0.022754528	0.026539322	-0.030897057	0.112576	0.028388357	0.048120823	-0.04317965	-0.029577417	0.03573587	-0.048923086	0.01465086	-0.021973718	-0.104008034	-0.02285226	0.029457629	0.11232834	-0.006327327	-0.130335	-0.09725656	-0.046482358	-0.008516099	-0.014241019	0.058111843	0.07829489	0.06349478	0.007179702	-0.01384294	-0.023318766	-0.049772993	0.031887166	-0.034194786	-0.018685661	-0.04152423	0.014345552	-0.02925401	0.13884619	0.05078728	-0.021452717	0.06652682	-0.069457926	-0.11116809	-0.033168662	-0.07824868	-0.014188087	0.02741193	0.018804152	0.07118297	0.018818978	0.007412953	-0.0664498	0.03346662	0.012624285	-0.017558476	0.03819329	-0.059920456	0.024431175	-0.0064072437	0.029608626	-0.02496048	-0.05460451	-0.039115608	0.0064820196	-0.0053170254	0.05908041	-0.083456226	-0.098615736	0.0939125	-0.02954446	-0.028916404	-0.0070339744	-0.012935615	-0.033748485	-0.029045528	-0.015292129	0.0009854354	-7.196134e-07	0.003903001	0.117470905	-0.0012387324	-0.036507808	0.016271677	0.03000669	0.027389605	0.04558054	-0.026073547	0.013210608	-0.03196252	0.019514862	0.018062813	-0.029394869	-0.019624967	-0.06351575	0.054652706	0.0024229998	0.06590145	0.011618898	-0.06832627	-0.034535404	-0.056910943	0.017101066	0.04122219	-0.007765682	0.0071323877	0.02033208	0.08133911	-0.0065953806	-0.039459422	0.0108636115	0.0059945	-0.0075297575	0.04942299	0.024474906	-0.06663055	-0.0065573202	-0.0027243076	-0.055803295	0.087899566	0.059708524	0.022145992	-0.06531506	0.04322835	-0.016660543	0.014660705	0.029947085	0.18506719	-0.048169494	-0.00622323	-0.052608427	-0.083843745	-0.003941055	0.024064558	-0.015548945	-0.0004740091	0.0033890489	0.042926565	-0.008686538	-0.071682595	-0.0266041	0.04493767	0.022528464	0.08198887	-0.036370274	0.045783196	-0.028894585	0.07732948	0.0123159345	-0.05649947	-0.012376622	0.07594151	0.021910664	0.10839313	-0.03761809	-0.09487146	0.035751395	-0.10086333	0.09737261	-0.04092427	0.045362405	-0.045249972	0.1342678	0.056891304	-0.02511797	-0.010488695	0.055632986	-0.06869431	-0.029046081	-0.12773624	0.041925352	-0.013526275	0.038394354	0.02196571	-5.362108e-07	0.07543086	-0.02484327	0.04610767	0.007051122	-0.028772514	0.014666221	-0.016232638	0.03846669	-0.012310586	0.030572152	-0.116353974	-0.0022032042	0.017551325	0.04645177	-0.06886482	0.04212881	-0.0131027205	0.031513825	0.03386135	-0.007615877	-0.002144366	0.015993686	-0.010100939	-0.087089315	0.095400445	-0.029322607	-0.04953633	0.097613156	-0.015655108	0.092122324	-0.08553673	0.0213407	-0.022924557	0.07951442	-0.05043559	-0.011864763	0.018898048	0.018921517	0.05666932	-0.043951064	-0.049931698	-0.051191002	0.09327706	0.030210642	-0.00092180446	-0.023618044	-0.066162355	-0.00018514559	-0.06329128	-0.0976933	-0.027671574	0.0336352	-0.056560982	-0.033694834	-0.036420956	0.05073228	-0.025452372	0.06274234	-0.044805605	-0.070422396	0.046871502	-0.02540781	0.04467467	0.07631783	0.024210576	0.04600336	0.06933671	-0.022394422	0.049636446	-0.02335211	-0.08469651	0.045312777	0.061290074	-0.010188584	-0.031523507	-0.020009737	0.07613308	-0.015002252	0.035904963	0.015712067	0.015351384	0.007315922	-0.055733223	0.13627803	0.026551865	-0.030462895	-0.05482218	0.058215264	-0.058176477	0.020653524	-0.036324363	0.03968201	0.0076211994	-0.028878663	0.010033933	3.951115e-07	-0.02504138	-0.0034438274	0.016570264	-0.06928581	0.018016897	-0.046386264	0.0753898	0.01236117	0.02535762	0.010224906	-0.088409014	-0.0057048993	0.015675014	0.001989	-0.06656048	0.042257167	-0.02330168	-0.043185495	0.0059757847	0.0029862733	-0.047697835	-0.022440907	-0.038367093	-0.0124145	0.013501508	-0.075213015	-0.028137662	-0.03411968	0.09490149	-0.03846534	0.0055567967	0.0056730006	0.05515884	-0.00078705564	0.0048216563	-0.18295166	-0.013770003	0.0037809012	0.003595833	-0.033720054	0.024495916	0.06666788	-0.0446839	-0.042674385	0.041129563	-0.033256523	-0.0037077062	-0.01538411	0.0051407362	-0.005823139	-0.003927824	0.06358247	-0.032905612	-0.050842483	-0.07323495	0.020732727	-0.020048082	-0.06494483	0.030642701	0.052565984	-0.04899193	0.010308495	0.022953082	-0.029443301
-0.058254488	-0.09007079	0.015339994	0.009197157	-0.035684865	0.009221632	-0.046890724	-0.076666586	0.08486501	-0.058403816	-0.047897223	-0.0525592	-0.01138605	0.009327636	0.0287054	-0.04067078	-0.029401619	0.085996255	0.09885104	-0.061010104	0.041077506	0.08463315	-0.08334825	-0.04832637	-0.008976382	0.0007563648	0.070604175	0.034881275	0.05095062	0.008322547	0.065057024	-0.037221048	-0.021516945	0.003247989	0.1672102	0.055891	0.01672668	0.019951727	0.007071177	-0.0010700305	0.022453848	0.09542339	-0.024016656	0.03982292	0.014493289	0.01755646	-0.006243145	0.042565756	0.06895802	-0.00788305	0.093152195	-0.03148368	0.02163474	0.031283766	-0.036851514	0.111751184	0.027023178	0.04796905	-0.043936703	-0.03191045	0.036328126	-0.05430358	0.015987733	-0.028926859	-0.098582454	-0.02336166	0.030152552	0.10522166	-0.0097877765	-0.12888503	-0.093704894	-0.051969495	-0.0113978665	-0.015100715	0.056654938	0.081816025	0.06482744	0.017412227	-0.011543724	-0.024019407	-0.04600557	0.037097245	-0.04579505	-0.024997273	-0.0435119	0.0071157115	-0.036753703	0.13273555	0.03996938	-0.023939418	0.07025667	-0.06559852	-0.11152681	-0.034206368	-0.070359886	-0.017502926	0.029695388	0.014682907	0.07914	0.02290387	0.008862612	-0.06851537	0.04133451	0.012363633	-0.02520687	0.037869565	-0.05598497	0.021659864	-0.006653356	0.030683475	-0.027353976	-0.055742893	-0.039388146	0.012720138	-0.006413997	0.051087543	-0.080803804	-0.10097813	0.09353579	-0.027299047	-0.03065432	-0.008771425	-0.008441788	-0.04024367	-0.03194928	-0.012625346	-0.0023526107	-9.667208e-07	-0.0012733573	0.11681956	-0.0051111653	-0.037352968	0.009304818	0.028356235	0.024878351	0.047182027	-0.018959632	0.009636424	-0.029918153	0.023900818	0.015876526	-0.02380742	-0.011772344	-0.055794954	0.056705996	0.005434466	0.066214904	0.019724922	-0.06700157	-0.02933391	-0.057943672	0.009844661	0.044591263	-0.011319993	0.009297947	0.019653685	0.068322495	-0.0056910873	-0.03673366	0.008486758	0.005842261	-0.007899708	0.05884194	0.025535207	-0.066088624	-0.00046826107	-0.0077059893	-0.06320382	0.08766767	0.06455037	0.028012952	-0.07130266	0.04471003	-0.013593134	0.017216928	0.031555537	0.17974375	-0.05078359	-0.0059958794	-0.057046957	-0.089928195	-0.0020321463	0.028866552	-0.012693131	-0.0033917215	0.0023776034	0.043250933	-0.0037061512	-0.07492645	-0.030243088	0.042274497	0.028732672	0.08536588	-0.036808003	0.050313324	-0.022727672	0.083807476	0.0121972365	-0.059883945	-0.020093929	0.07225535	0.018983105	0.10624816	-0.040846977	-0.10163094	0.033052463	-0.09787968	0.10268464	-0.047137536	0.04243198	-0.043108914	0.1301466	0.05460442	-0.029287605	-0.00866033	0.054100327	-0.06934813	-0.031195486	-0.11907349	0.041029617	-0.013038366	0.041950606	0.018437248	-6.556291e-07	0.07224592	-0.011942742	0.047408625	0.0041077416	-0.037428286	0.020441672	-0.01081849	0.04411996	-0.017750263	0.0289094	-0.113306895	-0.009631847	0.025028843	0.045136526	-0.07344999	0.04009206	-0.013726251	0.031087998	0.041730907	-0.0066191624	-0.0038813187	0.01692153	-0.0079233805	-0.08622279	0.09730039	-0.030313155	-0.054495938	0.092818655	-0.007299358	0.094733134	-0.082073964	0.017447874	-0.017752677	0.07928637	-0.05136873	-0.016711036	0.021075366	0.01735872	0.056319103	-0.03596398	-0.050584797	-0.051151328	0.09050657	0.020085812	0.007239296	-0.024821678	-0.064709626	-0.00078141317	-0.06370139	-0.108283214	-0.030320331	0.038860634	-0.061130136	-0.0380838	-0.03396041	0.04472937	-0.025445769	0.06275125	-0.04178484	-0.07350908	0.04966952	-0.026947742	0.049252972	0.07360299	0.023898927	0.043646544	0.06594478	-0.019873539	0.04850787	-0.024407666	-0.07582185	0.04279142	0.05804697	-0.013634181	-0.03627544	-0.022699917	0.07730434	-0.01888438	0.035139978	0.013040088	0.0053787236	0.013338785	-0.059629925	0.1292699	0.022323761	-0.03573689	-0.053558487	0.049339	-0.06679482	0.02407671	-0.0370981	0.037956685	0.008752693	-0.03067145	0.010049601	3.2577302e-07	-0.024628853	-0.0015921241	0.012805069	-0.06975804	0.011624822	-0.05003673	0.065530434	0.020819653	0.0318889	0.01284926	-0.08130408	-0.005920993	0.009701529	0.0006977704	-0.06944792	0.0562512	-0.031871267	-0.037461918	0.008877137	0.00610036	-0.042656593	-0.022496771	-0.04256651	-0.014064874	0.01093031	-0.08362886	-0.03119218	-0.032863643	0.10116273	-0.036878824	0.006765086	0.007440068	0.053814907	0.00501899	0.0011341718	-0.17788248	-0.012086747	0.004505756	0.009135311	-0.023887638	0.02732505	0.06745075	-0.052119516	-0.04531099	0.04302235	-0.036443632	-0.007781054	-0.018138636	0.0036107812	-0.0060437485	-0.0016467975	0.07374695	-0.03403158	-0.04451527	-0.06327817	0.023000838	-0.019791065	-0.065599024	0.038457695	0.05658735	-0.052893776	0.009645435	0.025173808	-0.026941705
-0.05804058	-0.07721428	0.012298895	0.009652592	-0.03309155	0.008576045	-0.047555774	-0.07461626	0.076906495	-0.06244471	-0.052825272	-0.04438206	-0.009192827	0.015818518	0.021588793	-0.040789276	-0.034445398	0.08094928	0.10058306	-0.062457733	0.038541116	0.08372352	-0.07980103	-0.05389979	0.0027179266	0.00048257367	0.074567564	0.03430761	0.05005196	0.010366491	0.056671217	-0.0406063	-0.034039296	-6.2923014e-06	0.16034451	0.0598432	0.022596732	0.021163126	0.009475258	-0.00514097	0.021214241	0.091924384	-0.028949166	0.038511824	0.011091272	0.019596627	-0.00097267557	0.050159637	0.06848966	-0.0003054743	0.09179043	-0.03708804	0.024707716	0.025466902	-0.038105983	0.11888554	0.023745855	0.04731623	-0.05038079	-0.035802588	0.03331862	-0.053589176	0.01650225	-0.02299749	-0.10647717	-0.027565314	0.032718807	0.10159594	-0.016507048	-0.12568638	-0.0913862	-0.056126263	-0.017179525	-0.019863544	0.06350951	0.08096893	0.07457362	0.013527663	-0.010517408	-0.027075825	-0.040623136	0.03192791	-0.04841319	-0.031347614	-0.042685036	0.010838887	-0.033575475	0.1354169	0.040321626	-0.021903979	0.07379115	-0.07053811	-0.1033734	-0.029340452	-0.078793615	-0.016213577	0.029796746	0.019665806	0.07534571	0.035478055	0.0070774793	-0.074123405	0.039200716	0.014918555	-0.019971928	0.043372765	-0.054331385	0.02737213	-0.0028860637	0.03369132	-0.02707708	-0.054642558	-0.046847034	0.017102754	-0.01012138	0.054655753	-0.09266018	-0.104936026	0.09461674	-0.024251899	-0.024055613	-0.0077384254	-0.016500968	-0.035972502	-0.037943874	-0.015828403	0.000261612	-5.25337e-08	-0.002665705	0.11183866	-0.0024631475	-0.036091857	0.014102568	0.034343913	0.031170476	0.0514903	-0.016657338	0.009446565	-0.038128916	0.020140143	0.011205503	-0.024056429	-0.010545353	-0.05797433	0.050780218	0.0025795142	0.06275169	0.016121615	-0.061544888	-0.023475526	-0.06001354	0.014292094	0.047645558	-0.016416838	0.010201143	0.01600247	0.066018015	-0.005271312	-0.042418048	0.008811558	0.0041982853	-0.014139867	0.058065586	0.01943747	-0.067227915	-0.005321919	-0.0028282432	-0.055439334	0.08232164	0.06413062	0.023283113	-0.06993381	0.050053272	-0.01017736	0.025614163	0.039838843	0.17396706	-0.04821179	-0.0071195955	-0.05794812	-0.0830093	-0.0061308863	0.03125422	-0.0158852	0.0023016136	0.0030586992	0.03934603	-0.007546579	-0.08071564	-0.02735322	0.04861621	0.02252035	0.083814085	-0.019841863	0.05177969	-0.015779477	0.08007942	0.018017037	-0.055929933	-0.020690678	0.0701354	0.020822162	0.10899561	-0.048339475	-0.09172296	0.03786913	-0.09006165	0.10061709	-0.042005524	0.054404676	-0.047316894	0.12857302	0.06404338	-0.02133143	-0.010762	0.06029238	-0.06112076	-0.027487313	-0.11361529	0.043664295	-0.015062903	0.04452645	0.019504633	-1.0660676e-07	0.06548219	-0.0132908365	0.052015916	0.0103457505	-0.038258683	0.013857933	-0.011141922	0.048473448	-0.011279297	0.027144665	-0.11591939	-0.006595303	0.021260109	0.048777252	-0.07955821	0.02911929	-0.022047315	0.029637698	0.04343985	0.00043153384	-0.00094531395	0.017219935	-0.015508444	-0.07936124	0.107174866	-0.031091439	-0.057109185	0.099522494	-0.01063965	0.092067234	-0.07850287	0.023708465	-0.016888566	0.066636	-0.047644414	-0.025797457	0.012465832	0.007999179	0.06647267	-0.029517755	-0.050779324	-0.0583677	0.091473885	0.023767289	0.0033463356	-0.02287684	-0.06151415	-0.009681614	-0.062205847	-0.10748964	-0.02518339	0.043243024	-0.057850543	-0.03593058	-0.03828105	0.044666294	-0.031506423	0.059138615	-0.041357245	-0.07510063	0.054730922	-0.023917014	0.05578661	0.076270334	0.025979947	0.040915214	0.08005198	-0.020738186	0.050010238	-0.02994911	-0.07593578	0.04823589	0.059389398	-0.009651095	-0.0351217	-0.022154799	0.08182964	-0.018101124	0.0386239	0.019945703	0.004722227	0.016172973	-0.06449578	0.12955835	0.024172047	-0.031716	-0.056905378	0.040468547	-0.07178018	0.021603543	-0.040424716	0.036932684	0.005141167	-0.03092516	0.012208964	6.045122e-07	-0.029865427	-0.0010884901	0.012430567	-0.08243133	0.018230593	-0.04073991	0.064647615	0.014594434	0.032988776	0.009475844	-0.0845366	-0.010069947	0.015972538	0.0016089577	-0.069067605	0.061591145	-0.02014974	-0.03907338	0.007855761	0.0027986357	-0.042858105	-0.022692695	-0.032830767	-0.016510325	0.009916817	-0.08242832	-0.029859649	-0.029535506	0.10718965	-0.033696115	0.0051787477	0.004718964	0.05900299	0.0021597326	0.0040926132	-0.16875845	-0.001477879	0.009604104	0.00323012	-0.030315155	0.028177854	0.06972555	-0.05354091	-0.044631403	0.038977858	-0.04023722	-0.0009137155	-0.014570147	0.00093445997	-0.008622146	0.0073447675	0.06554225	-0.029837176	-0.04492952	-0.067009486	0.016930206	-0.021654835	-0.058223575	0.028224753	0.05674984	-0.042105958	-0.004002098	0.02500545	-0.022211608
0.018216055	-0.09833888	0.024751412	0.034185123	-0.035508256	0.032125443	-0.017917613	-0.026605012	0.02806849	-0.08273392	-0.069749646	-0.1010571	0.017631108	0.02711421	0.0139760515	-0.044213727	-0.03228698	-0.09758245	0.080072984	-0.091681235	-0.0038777234	0.009479053	-0.05856887	-0.07040472	0.035822365	-0.043466747	0.0690008	0.052019447	0.056353696	0.023821125	0.044665303	-0.005959975	0.024249496	0.0005319351	0.045625743	0.026121208	0.061184026	-0.03529326	0.028915087	0.010331996	0.03712327	0.109059155	-0.03594761	0.024739532	0.038854737	0.016772501	0.009419955	0.051538274	-0.035490364	0.04336992	0.07816792	0.0008928973	-0.0025373565	0.024982747	-0.062473536	0.1071009	-0.017922776	0.038683757	-0.084108524	-0.030607697	0.014103674	-0.08423727	0.041113693	-0.024887236	-0.085940234	-0.048662126	0.015795467	0.030656246	-0.061566524	-0.06899185	-0.1386777	-0.057082757	-0.026394801	-0.03572262	0.046557065	0.045255218	0.112116724	0.017095244	-0.0021713183	-0.029632103	-0.009929277	0.028817214	-0.11811253	-0.04785694	-0.044004764	-0.045556005	-0.026222644	0.04804444	-0.06240689	-0.044595756	0.079388104	0.0004935069	-0.0617906	-0.024469372	-0.02726717	0.015013866	0.060469523	-0.030196734	0.08603506	-0.015754307	0.0097533595	-0.06005411	0.058757182	-0.007800257	-0.08767698	0.03955804	-0.024442725	0.031959284	0.019267263	0.042441588	-0.046688206	-0.073524185	-0.076428115	0.020003704	-0.012108095	-0.01196264	-0.09000967	-0.10242066	0.10839993	0.020747967	-0.008274326	-0.021680115	0.030453688	-0.036660496	0.01025556	0.0066893864	-0.027276129	-2.4308931e-06	-0.048879817	0.07555235	-0.03570429	-0.0411989	-0.04478264	0.057840634	0.023937	0.0667415	0.022015806	-0.020317491	-0.04263679	0.061274875	-0.02567644	-0.003316935	0.05788361	0.024629625	-0.006719023	-0.0007754205	0.0093557965	0.024677789	-0.08090991	0.045602128	-0.04165243	0.0039255796	0.0813264	-0.107009575	0.058942437	0.013685648	-0.048967183	-0.020702638	-0.029439066	-0.02004497	-0.015635014	-0.0046523977	0.059055407	-0.032719787	-0.05321519	0.0097352555	0.013113603	-0.08528573	0.026731437	0.08557345	0.019031115	-0.099697955	0.061571907	0.022198236	0.0695699	0.059527	0.047093503	-0.023331484	-0.0063813664	-0.04593171	-0.035672784	0.0443809	0.053065438	-0.0069092163	0.03521208	0.00745265	-0.029633876	0.028707176	-0.10576864	-0.027208664	0.053931013	-0.004079268	0.06574045	0.052995775	0.06842851	0.012402427	0.10890591	0.064270645	-0.030625282	-0.052625146	0.02145763	0.040822618	0.08866804	-0.04863658	-0.08630409	0.015458419	0.0042165886	0.11480567	-0.07014547	0.058951035	-0.050057217	0.074298434	0.031131035	-0.02417018	0.012291201	0.03657341	-0.031352974	-0.02428218	0.013038828	0.07211564	-0.03230141	0.07671127	0.012938255	-2.04752e-06	0.0050134556	0.08226747	0.049533267	0.041319326	-0.047855288	0.019693693	0.013532923	0.013500004	0.014475794	0.029263029	-0.060612604	-0.012855611	0.031125097	0.05933862	-0.09495589	-0.0199263	-0.050187327	0.030548476	0.11676202	0.011352812	-0.025987271	0.03582402	-0.055564925	-0.032310233	0.102067195	-0.049691968	-0.13818434	0.0424725	0.023500133	0.06995932	-0.027724214	0.002059062	0.039750878	0.004877588	-0.026850946	-0.0912452	0.036511466	-0.0026781228	0.09369134	0.09071054	-0.03259306	-0.08872295	0.03710026	-0.046390273	-0.008169688	-0.013194684	-0.0001680543	-0.047706354	-0.082246676	-0.10189959	-0.030027715	0.044906944	-0.06447056	-0.042185318	-0.020811416	0.0405675	-0.024700858	0.037872683	-0.042665936	-0.063901626	0.05302935	-0.027694728	0.094093725	0.06365287	0.018322391	0.0012941284	0.11083469	0.0051175565	0.032085612	-0.04143502	-0.09115891	0.010758121	0.069183834	-0.0282306	-0.07931452	-0.026575781	0.06956782	0.00021653129	0.06514659	0.0150451865	-0.06400706	0.052531883	-0.08786629	0.054425694	-0.03978872	-0.049361154	-0.023086384	-0.08289615	-0.075631075	0.00026627735	-0.042760015	0.029093878	-0.0026306715	-0.06473722	0.01315072	-1.2444586e-06	-0.02494706	-0.0029501554	-0.007876821	-0.060504753	-0.030056883	-0.011840981	-0.030669596	0.04439352	0.047108162	0.08034739	-0.047795586	-0.04513884	-0.029523473	0.035288434	-0.057170425	0.10038456	-0.0039217747	0.036645062	0.023883821	-0.004727394	0.04459219	-0.04780542	-0.05601775	-0.031193709	0.013696767	-0.123155005	-0.06973742	-0.005393255	0.053358827	0.002267498	0.03492013	-0.0012085276	0.043351125	-0.010759841	0.00092773855	-0.055579085	0.017505072	0.02108528	0.012673859	0.05267011	0.045986082	0.0687308	-0.1095732	-0.067691945	0.022776235	-0.05675377	-0.03647885	-0.007917482	-0.012968168	0.009230572	0.031296294	0.069321044	-0.02345031	-0.0407453	-0.028099608	-0.00059774466	-0.012288403	-0.0038944534	0.06851138	0.03892952	-0.034327954	-0.02957785	0.029566407	-0.013108291
0.10812293	-0.0037552635	0.012869991	0.052168306	0.00029746714	0.011448962	0.041418847	0.054136034	-0.065424405	-0.022615006	-0.045600686	-0.069023766	0.027525432	0.009616546	-0.03392573	-0.020586926	-0.028959224	-0.22494322	-0.012672187	-0.016775679	-0.06929105	-0.0948722	0.027538406	-0.020772386	0.08787864	-0.07032444	-0.02518087	-0.006281953	-0.009761441	0.042226087	-0.06397103	0.037673052	0.04168998	0.0019062118	-0.13999124	-0.02486589	0.05101903	-0.022603901	-0.01576181	0.01585528	0.0027659794	0.00978478	-0.004742832	0.028888253	0.042740915	-0.019159839	0.029658986	0.018821131	-0.12765273	0.07747862	-0.017316474	0.045591738	0.005074512	-0.018470543	0.008414423	-0.02477229	-0.062753975	-0.022599792	-0.03276021	0.012385145	-0.08404852	-0.031498805	0.007503312	0.006366385	0.03637683	-0.010729877	-0.011540613	-0.12294917	-0.09200967	0.07072457	-0.032749485	-0.005027638	-0.040856462	0.0045048734	-0.003571267	-0.025591183	0.037184317	0.03676349	0.023979636	-0.009026122	0.059471946	-0.010141074	-0.08450323	-0.044401865	0.041736152	-0.03819783	0.019306721	-0.112625256	-0.12964877	0.00094750425	-0.0045185913	0.057298534	0.052801166	0.023335863	0.07250933	0.03129407	0.024420371	-0.038281754	-0.025100136	-0.025921682	0.0023957328	0.0028655736	0.049777914	-0.018821131	-0.06858945	0.0017128931	0.062159587	-0.015276503	0.0022228223	0.012346029	0.006628017	-0.018252091	-0.031761494	0.04219233	-0.020491175	-0.1067897	0.018725997	0.0067834533	0.010747202	0.08480737	0.05275478	-0.0062461873	0.06968736	0.016888194	0.013848507	0.025378298	-0.008950518	-2.0103191e-07	-0.033763144	-0.051649265	-0.012525901	0.0029792145	-0.058506213	0.015828399	0.005155612	0.03984075	0.032369282	-0.024549412	-0.027640922	0.03583527	-0.060296953	0.04604574	0.08323873	0.10950123	-0.0868615	-0.0036743877	-0.07236235	0.04254366	0.009145415	0.09060418	-0.0122961225	-0.026438147	-0.007743138	-0.06905575	0.0107343765	-0.020192277	-0.1305917	-0.009057153	-0.002151926	-0.04969113	-0.04586773	-0.035233483	0.0012460514	-0.03784403	0.01307444	0.02581822	0.028578192	0.006962973	-0.07231295	0.007187928	0.010783834	-0.026011756	0.020734046	0.02013647	0.054201655	0.021061743	-0.1626983	0.039594494	-0.017678384	0.011535442	0.038438983	0.032572612	0.030156653	-0.017186424	0.026980488	0.021697985	-0.087167524	0.0009944653	-0.032146502	0.009954066	0.0112078665	-0.02986896	-0.022061998	0.121755645	0.042628363	0.041223917	-0.0012674636	0.06147758	0.028865917	-0.005517522	-0.11907544	-0.014498056	-0.048467584	-0.006859439	0.059897956	-0.029545922	0.13587438	0.0025035075	-0.0035351065	0.018443622	0.016845593	-0.0804231	-0.03094708	0.04046862	0.016754162	0.014302534	0.06127048	-0.030148203	0.15578899	-0.014710219	-0.0074129137	0.022222547	-0.052076597	-8.478375e-07	-0.10402047	0.12905362	0.020854237	0.037765127	-0.045544796	-0.010118884	0.08181876	0.035896853	0.017303647	-0.0095813675	0.0950671	0.018741911	-0.0059026997	0.0075535406	0.004759406	-0.08481223	-0.06899957	0.009845128	0.0960802	0.03244454	-0.019926308	0.016260143	-0.010776152	0.098940216	0.04447192	-0.013058903	-0.07248777	-0.064606756	0.04719473	-0.035640083	0.103916325	0.0030715708	0.05831439	-0.10311434	0.047317956	-0.064013265	-0.0065790666	-0.022133047	0.07571002	0.12691441	0.0025176932	-0.029426955	-0.063611805	-0.06558391	0.009783711	0.024008615	0.08518644	-0.05485731	-0.02415076	0.033442188	-0.0005870363	0.038536135	-0.029423986	-0.020047193	-0.0037589963	-0.02093214	-0.0003829144	-0.019367183	0.0056027877	-0.015288822	-0.023249907	-0.0043177656	0.05047361	-0.05567913	-0.0105605265	-0.049587943	0.03850107	0.06175138	-0.03195217	-0.020323342	0.017232979	-0.05770583	0.00969328	-0.006997985	-0.06473534	-0.0018548784	0.04888601	-0.0024821747	0.03106151	0.03332462	-0.12046101	0.02701083	0.012041985	-0.09217003	-0.07449851	-0.02499248	0.021028377	-0.13171074	-0.03873743	0.031397704	-0.012854919	-0.015300654	-0.0067278454	-0.052275058	0.01221286	-2.4109693e-07	0.0015717397	0.041631576	-0.032938473	-0.003982916	-0.037968606	0.052361056	-0.09441751	0.01303588	0.020116799	0.040596176	0.04327529	-0.03912758	-0.057565156	0.022230102	0.035843804	0.07962545	0.018316496	0.114778355	0.017132066	-0.026613418	0.089459725	0.0020705909	-0.018252669	-0.029622652	-0.02914291	-0.0016834559	-0.066652514	0.031736154	-0.026656294	0.049726676	0.056385007	-0.011463505	-0.029654825	0.005552158	-0.011181921	0.19636716	0.018369712	0.03361997	0.0032408547	0.08861738	-0.006715198	0.041609876	-0.067051224	0.0013816771	-0.03401634	-0.008325506	-0.03252203	0.02916017	-0.010530461	0.0012008059	0.07271677	0.020964907	0.019469589	-0.004362145	0.05142684	-0.029621927	0.0043252883	0.06401387	-0.013321402	-0.058666527	0.045156248	-0.087787114	0.034669448	0.020404056
0.10325709	-0.002838527	0.0066291406	0.02830643	-0.005159768	0.014967852	0.050989676	0.069057584	-0.08532449	-0.016197726	-0.023886627	-0.066411644	0.036581174	0.009845649	-0.033816937	-0.020818211	-0.0037867948	-0.21846496	-0.030922303	-0.0039418745	-0.055123307	-0.107629254	0.03940972	-0.0035280162	0.080276854	-0.068287924	-0.031525575	-0.0010813146	-0.00451519	0.037390817	-0.057697505	0.049255118	0.0393003	0.0068651824	-0.1498663	-0.037210986	0.025596978	-0.027473046	-0.005862224	0.0043181595	-0.0009320869	-0.016411968	-0.009238832	0.021058118	0.023959035	-0.016966216	0.015904509	0.023109367	-0.13883743	0.0781928	-0.016774226	0.046100218	0.001695038	-0.010514932	0.0073278868	-0.047204107	-0.060854148	-0.03879736	-0.03495679	0.0139846625	-0.08572369	-0.025695207	0.015946679	0.008927123	0.045115057	-0.0027374101	-0.023935702	-0.12704654	-0.09971684	0.07524353	-0.020613391	0.0026326005	-0.035666514	0.018638069	-0.012097342	-0.043484468	0.024254011	0.041208744	0.02782418	-0.0033106857	0.045340285	-0.01539309	-0.076419316	-0.03862108	0.03649446	-0.022636848	0.025235191	-0.121549025	-0.12709825	0.0076770727	-0.017585121	0.07526396	0.07737967	0.018188981	0.06906111	0.027272362	0.013963635	-0.03934207	-0.0266088	-0.046700224	-0.013180656	0.019561835	0.024112523	-0.015340967	-0.06708525	0.0053168726	0.056502316	-0.027514243	0.008764613	-0.0033899874	0.020259721	-0.009854262	-0.014604879	0.033630494	-0.00309581	-0.09504896	0.037221573	0.017590081	-0.00378286	0.07283807	0.05562378	0.0050117564	0.07858349	0.020251168	0.025919516	0.04126065	0.0010452695	1.5849049e-06	-0.0320952	-0.06936937	0.0002808966	0.015030748	-0.05895071	0.006767743	-0.0051461733	0.029866466	0.032439034	-0.025597565	-0.010191825	0.031486347	-0.059128907	0.062387437	0.08394824	0.119746275	-0.08115541	-0.0040967083	-0.066729926	0.041456353	0.028910374	0.06702298	0.00063262676	-0.029641123	-0.0014016463	-0.0603656	0.010181959	-0.017662847	-0.11959727	-0.006719065	0.014741462	-0.049250178	-0.04132173	-0.036600783	-0.0257263	-0.03649813	0.026067674	0.03527166	0.043143354	0.022054378	-0.073511794	-0.013650792	0.009585422	-0.0112555735	0.012973568	0.025229163	0.059017707	0.022957241	-0.18081221	0.048934445	-0.015817754	0.012385412	0.03972076	0.02525266	0.016495558	-0.025476567	0.019285725	0.009947749	-0.07668855	-0.0085977595	-0.015843559	0.002250605	0.00026200223	-0.024903119	-0.027802212	0.11096716	0.029426552	0.033806562	-0.015891947	0.055815388	0.039475814	-0.011377199	-0.11576439	-0.0055777193	-0.043148	-0.0023451047	0.08867904	-0.030890144	0.1363896	-0.0142135555	0.0084847575	0.016617406	0.019705044	-0.10376385	-0.018616952	0.040058576	0.02357381	0.007410959	0.051098153	-0.036731586	0.15288502	-0.022161	-0.006435508	0.015079377	-0.04312458	-3.1204743e-07	-0.10252525	0.12051469	0.0034027875	0.021914262	-0.03291617	-0.01649311	0.06680308	0.021482151	0.006252943	-0.020139128	0.08950097	0.015015227	-0.0062295077	-0.0003848261	0.014872237	-0.07154808	-0.06818196	0.00036479344	0.08384967	0.04546069	-0.024100726	0.020523665	-0.011143971	0.11163407	0.02951566	0.00044879544	-0.061781153	-0.09163958	0.040904067	-0.052401632	0.10002258	-0.0031901097	0.04511855	-0.10987811	0.047046307	-0.07235169	-0.015633449	-0.032446653	0.05860894	0.12193429	0.0063770823	-0.027472682	-0.0816038	-0.061613373	0.00037798937	0.03229036	0.082563095	-0.06576913	-0.025225583	0.04255121	0.0019480032	0.034234162	-0.026837396	-0.0035937983	0.002778973	-0.022073373	0.009516865	-0.038788725	0.008333873	0.006655244	-0.034818962	-0.002515349	0.047019687	-0.06274498	-0.016432691	-0.052750632	0.016990395	0.05458137	-0.034101438	-0.018915711	0.020261098	-0.06400978	-0.00088998646	-0.009542111	-0.05757854	-0.0015859172	0.025283301	-0.0007447344	0.028234808	0.026042232	-0.11333082	0.02477236	0.007106625	-0.11188786	-0.06710878	-0.034397412	0.028016377	-0.12975992	-0.013693355	0.031166617	-0.0012964719	0.004343213	-0.021497613	-0.055937137	0.0009486391	-7.4462247e-07	0.00869221	0.029589832	-0.042002026	0.0045586065	-0.04315647	0.052652385	-0.11446214	-0.015725233	0.019513158	0.039618623	0.062645674	-0.055503998	-0.04993407	0.026257908	0.033150405	0.07257975	0.028764261	0.12433624	0.006092188	-0.018092453	0.084795095	0.0065002507	-0.003625408	-0.028641453	-0.029784176	0.0139295	-0.051982757	0.03470768	-0.04427327	0.04421727	0.041833274	-0.0083413	-0.037205976	0.01801201	-0.0057216515	0.18217449	0.0039877635	0.032456797	0.00024553598	0.091350436	-0.018453212	0.02459653	-0.056965563	0.012159883	-0.031186406	-0.013761305	-0.02137903	0.0064068343	-0.009690696	0.0044694273	0.073706105	0.0021362512	0.027180508	0.011222536	0.051015828	-0.024369594	0.0021066545	0.081956804	-0.013385731	-0.061389245	0.038968466	-0.07496472	0.01361303	0.027394798
0.10229804	0.024426498	-0.012287905	0.029369893	0.0020218366	0.007004119	0.05167891	0.08572946	-0.08409273	0.0065007387	-0.02926483	-0.04108534	0.01910351	0.0073766327	-0.029062975	-0.0077881278	0.0010045524	-0.23232591	-0.04798414	0.0067755184	-0.07215466	-0.108987406	0.05679022	-0.004026643	0.08195891	-0.053875674	-0.041380566	-0.0036626647	-0.021335896	0.02321229	-0.069833316	0.05004817	0.038559824	-0.0039193938	-0.17499219	-0.04026525	0.02852797	-0.03169132	-0.0034750432	0.0029484478	-0.010798923	-0.0137225045	0.00976682	0.017143717	0.010863266	-0.024943069	0.029305175	0.004959385	-0.12818961	0.06905252	-0.047659706	0.039884284	-0.007699684	-0.023963036	0.0052683093	-0.026320454	-0.067688726	-0.035475887	-0.014660737	0.0061879726	-0.07107088	0.00041684223	-0.006996595	0.021824718	0.057328854	-0.01083571	-0.012904053	-0.13218796	-0.09065513	0.085872434	-0.008783317	0.017339617	-0.029884148	0.0032187058	-0.0071246154	-0.0464062	0.01266959	0.028465766	0.025068302	-0.0033559625	0.05776403	-0.020622822	-0.057370834	-0.027144078	0.040827744	-0.045857623	0.032257646	-0.1336561	-0.13096668	0.00730264	-0.007438299	0.06175324	0.062617175	0.018208385	0.08166724	0.04077509	0.014778884	-0.037472192	-0.04588973	-0.018569976	0.0057178224	0.026667353	0.023731943	-0.005216375	-0.052329015	-0.013756268	0.06342142	-0.0025225407	0.0038195834	0.003475081	0.008125884	0.001231604	-0.011574356	0.025856977	-0.012206149	-0.09455951	0.03295162	0.0380633	-0.006387362	0.0752266	0.05424879	-0.0059426967	0.05573232	0.019267764	0.020648835	0.024618536	-0.015240464	-1.1590532e-06	-0.035060562	-0.0785223	-0.0036568886	0.012321045	-0.05682412	0.0050514787	-0.009445366	0.019608226	0.030489884	-0.02664185	-0.025179857	0.030577345	-0.06675699	0.037682787	0.066355795	0.10239111	-0.08541305	-0.0071744528	-0.083178364	0.036086578	0.026914774	0.08585822	0.012954624	-0.033868518	-0.0045672418	-0.060829468	0.010284539	-0.025018748	-0.13675982	-0.00063684426	0.0049902406	-0.0500012	-0.04390494	-0.03156377	-0.007975313	-0.04162168	0.020406064	0.015310335	0.031796828	0.022698041	-0.071275614	-0.016724534	-0.00096129085	-0.006106259	0.013143839	0.029388506	0.042937938	-0.0009722515	-0.18566245	0.042039774	-0.016341385	0.020483145	0.046254802	0.032342646	0.014332441	-0.01587472	0.03388587	0.023558617	-0.08704877	0.006289912	-0.008232801	0.026800359	-0.0024080565	-0.04589072	-0.045876186	0.10380626	0.016847542	0.04402855	-0.02611113	0.046397556	0.047863938	-0.001087565	-0.105370425	-0.007766698	-0.048923716	-0.007052583	0.075531445	-0.037789423	0.13051032	-0.028620906	0.0067137564	0.011046337	0.014339652	-0.10754212	-0.029989427	0.040629614	0.018214026	0.0021297515	0.06421402	-0.015298513	0.16769712	-0.016608164	-0.0026360226	0.0011652884	-0.047303736	-1.3520576e-06	-0.10969785	0.09373406	-0.0012339167	0.04612905	-0.03268296	-0.010194451	0.06893364	0.016712826	0.03404779	0.0070262807	0.11704799	0.020286977	-0.019688683	-0.014387033	0.030865481	-0.07467819	-0.04479934	-0.003509122	0.08356724	0.023450715	-0.021996543	0.020335238	-0.010681398	0.10659749	0.0019426268	-0.0023547462	-0.04824263	-0.08182532	0.036199566	-0.0625012	0.09175074	0.00047807657	0.045900963	-0.10427871	0.053225886	-0.049966767	-0.012807525	-0.022434624	0.038368333	0.12239584	0.020180395	-0.007881987	-0.09039147	-0.06854177	0.015592402	0.03608428	0.082337014	-0.052994195	0.008766665	0.06665115	0.011447697	0.025703168	-0.016913518	-0.0039443374	0.007551121	-0.02691681	0.013484846	-0.031274036	0.010527585	0.012112202	-0.032595005	0.009790571	0.0198867	-0.06539946	-0.013625302	-0.04432721	0.00864336	0.049678285	-0.033161763	-0.01051386	0.01711729	-0.06771487	-0.007928928	0.0004115643	-0.043151107	0.011450214	0.012987539	0.011322996	0.01889425	0.022502083	-0.10598467	0.024494942	0.011186081	-0.11673891	-0.06722259	0.012082537	0.039666127	-0.12774618	-0.013075259	0.02292125	0.004949597	-0.012407128	-0.01672046	-0.04335143	0.008403239	-4.529532e-07	0.013390459	0.03635102	-0.032742675	0.010821457	-0.029221533	0.05919336	-0.10304038	0.002990361	0.0045272857	0.037211094	0.0710089	-0.032874223	-0.06200249	0.025651576	0.038189206	0.03962644	0.025049064	0.10583861	0.0046044076	-0.019987246	0.0955575	0.00883439	-0.0010749104	-0.015355744	-0.023363473	0.013445413	-0.04547056	0.033862516	-0.039140657	0.042991605	0.03997583	0.0014542508	-0.028578281	0.004088574	0.0029401192	0.20880213	0.014366533	0.029804211	0.0028612835	0.09092106	-0.018355852	0.005693742	-0.03647419	0.010182729	-0.047079902	0.0035838503	-0.01980098	0.029329315	-0.011968661	-0.012935836	0.070722416	-0.011817183	0.018431716	0.0100365	0.06598954	-0.02264903	0.0073008197	0.0869573	-0.026305262	-0.054473188	0.06277722	-0.060098406	-1.4268112e-07	0.028324733
0.10684409	0.038157087	-0.0083629405	0.020633874	0.009775649	0.009956166	0.046425395	0.08916158	-0.092047475	0.02049669	-0.016883794	-0.01997363	0.018032622	0.016248085	-0.020038588	0.0022534772	0.0054841773	-0.21232714	-0.05983248	0.0119507285	-0.0648184	-0.099456765	0.06698214	0.00477879	0.065575324	-0.05301116	-0.040108334	-0.011250078	-0.021762041	0.01669665	-0.069599636	0.050452873	0.039403815	-0.0012410533	-0.17951746	-0.035795387	0.025446152	-0.024015592	-0.0048448937	0.0022744592	-0.006843815	-0.028609905	0.01951638	0.009531798	0.019323489	-0.03307298	0.026575744	-0.016267953	-0.1298819	0.055815183	-0.045110717	0.03438128	-0.009102094	-0.022424996	0.01858879	-0.03787463	-0.0558611	-0.03654273	-0.005562889	0.007748727	-0.062476616	0.0067469864	-0.010657032	0.023985302	0.08468096	-0.0053074034	-0.015225373	-0.13163689	-0.08714466	0.100217685	0.011926694	0.021605821	-0.015124575	0.017453797	-0.0059900736	-0.05180903	0.0029396717	0.02688381	0.023946116	0.010846456	0.062023714	-0.013973042	-0.032217227	-0.013420802	0.05243731	-0.03555515	0.033322837	-0.14393309	-0.12857561	0.013547057	-0.024766764	0.061761796	0.07529198	0.017360153	0.08351638	0.03826635	0.002987596	-0.032525	-0.048206624	-0.0399673	0.0032714247	0.031005148	0.010615589	-0.005487972	-0.03913176	-0.02006881	0.06495478	-0.01283073	0.003599214	-0.011518233	0.013139273	0.012236767	0.0034658608	0.024951117	-0.0054521426	-0.10045662	0.04610558	0.046019595	-0.030906081	0.064232774	0.046080366	0.0018738824	0.057892352	0.025526619	0.032042306	0.02812721	-0.007642847	1.0785654e-06	-0.036050986	-0.091092795	-0.0004470064	0.020124033	-0.043919466	-0.0029716436	-0.0132449055	0.007287192	0.044611137	-0.03475864	-0.011929192	0.024428947	-0.05685852	0.051952694	0.061091565	0.09200103	-0.09200927	-0.0084630605	-0.071830936	0.029367968	0.036934838	0.07795358	0.016356315	-0.035223316	-0.012843794	-0.056214605	0.01946498	-0.019486269	-0.12687491	0.0033691253	0.013223864	-0.0428268	-0.042608205	-0.02480445	-0.013552066	-0.03051578	0.025854288	0.008121204	0.036309723	0.034917604	-0.07370342	-0.013375398	-0.0057082395	0.006135609	0.006059596	0.021346685	0.034912296	-0.0047470327	-0.2026043	0.041050017	-0.017812604	0.030358726	0.057261918	0.0185155	0.012829954	-0.0070404164	0.02485309	0.025057774	-0.08157501	-0.007731537	0.0038742896	0.0259428	-0.010292223	-0.03842876	-0.05555899	0.10289357	0.002007835	0.04210644	-0.034246434	0.047516257	0.053388603	0.00025276555	-0.10515538	-0.009762757	-0.059479285	-0.0039005901	0.091364786	-0.030747596	0.13226357	-0.0413384	0.022209847	0.0026152823	0.015290521	-0.11580966	-0.026584705	0.03619355	0.029771032	-0.01794656	0.07322908	-0.018692978	0.16242681	-0.025876915	0.0035589042	-0.0037648089	-0.049590897	-1.1991193e-08	-0.10789321	0.08422065	-0.011662473	0.030583771	-0.01777274	-0.005767129	0.061573107	-0.00060159544	0.03483451	0.00180891	0.12592988	0.021296253	-0.014919425	-0.024003183	0.03521362	-0.08107209	-0.03405871	-0.016803684	0.06277541	0.021024177	-0.006979941	0.01587547	-0.010881431	0.103160284	-0.015085714	0.014989502	-0.033258993	-0.08713522	0.037417725	-0.062659	0.102679305	-0.0042846855	0.037179563	-0.10435929	0.06202057	-0.036336917	-0.016538933	-0.026808878	0.02667136	0.11379572	0.020569751	-0.004031811	-0.08665451	-0.057464853	0.019369457	0.044703387	0.089125305	-0.045800876	0.019176548	0.07606813	0.014611136	0.02017449	-0.011888922	-0.0009840472	0.021857064	-0.036259774	0.019774847	-0.047556743	0.017496433	0.030280517	-0.045297533	0.012566171	0.014680671	-0.07880984	-0.019572657	-0.046727583	-0.008462179	0.047584083	-0.04286443	-0.012318012	0.047795787	-0.062767915	-0.0162046	-0.0005754141	-0.038878348	0.01720927	-0.0044881105	0.015925894	0.005069634	0.019209612	-0.08843604	0.009329283	0.013077608	-0.13284302	-0.056880724	0.01857019	0.038020335	-0.11877592	0.0046104505	0.017660111	0.012179697	-0.0156815	-0.016737739	-0.04103284	0.0004852041	3.4921774e-07	0.012480502	0.034880053	-0.027337868	0.019244831	-0.038853183	0.06129009	-0.10517957	0.0057415543	-0.005431617	0.036818784	0.07620554	-0.022156695	-0.05305376	0.028941736	0.05768017	0.034216467	0.02950583	0.09082397	0.00037810783	-0.01599176	0.08546077	0.011917332	0.0012573466	-0.017875187	-0.028764771	0.03157118	-0.037530612	0.03133451	-0.050009005	0.039798815	0.025743598	0.0010355549	-0.03924854	0.013395935	0.010288709	0.20867611	0.019543847	0.018823981	0.00049121294	0.089168824	-0.027497705	0.006882536	-0.018398294	0.027324412	-0.047699757	0.007930281	-0.01219537	0.037044626	-0.014371938	-0.009742136	0.057901748	-0.02062498	0.02522553	0.009977605	0.06781038	-0.016274033	0.006589683	0.07716498	-0.023798065	-0.061605643	0.06884783	-0.051989447	0.001969136	0.03051599
0.10425512	0.031208554	-0.0128223775	0.020048803	0.00499701	0.012487382	0.048784424	0.088328324	-0.08537239	0.018439706	-0.022630693	-0.0314473	0.020571422	0.012373798	-0.028837517	-0.0007559076	0.003150744	-0.21905135	-0.058726218	0.016456204	-0.05592551	-0.10464526	0.06537587	-8.30729e-05	0.07182739	-0.057627536	-0.043859646	-0.011587706	-0.02808845	0.013962513	-0.0742713	0.048274122	0.042018633	-0.003916067	-0.18168297	-0.043513242	0.026089698	-0.03040405	-0.00027737574	0.007384603	-0.011076161	-0.0219806	0.0139155565	0.013578953	0.016222268	-0.025802886	0.020466097	-0.00497646	-0.12173202	0.060435724	-0.04423366	0.042272806	-0.012935809	-0.017767409	0.011964971	-0.035935268	-0.06357091	-0.037275404	-0.005802725	0.014296189	-0.061545316	0.0047900844	-0.0074784257	0.023957953	0.0759749	-0.011509833	-0.010659309	-0.13297646	-0.0818039	0.09305144	0.007345173	0.018259306	-0.014148003	0.01053385	-0.011630229	-0.054515332	0.000556438	0.028427463	0.02199891	0.0005746169	0.06139074	-0.014530444	-0.036639683	-0.01826946	0.05421369	-0.035043556	0.03608365	-0.13864332	-0.123270996	0.018945925	-0.014373019	0.064909145	0.06670691	0.019915352	0.08416601	0.037872314	0.014859272	-0.034265794	-0.044921316	-0.018492363	0.006015145	0.03371632	0.01154435	-0.008282095	-0.043440256	-0.013935296	0.0658941	-0.006879048	0.004272008	-0.005339464	0.013750649	0.009502036	-0.0017627291	0.02725342	-0.010044488	-0.098787345	0.04581253	0.04708467	-0.026920272	0.07162239	0.04662065	-0.0020194156	0.05977778	0.021299921	0.026396533	0.036533725	-0.0081258435	1.5681421e-06	-0.029751139	-0.09430664	-0.0032730154	0.025239153	-0.044909142	-0.0015659317	-0.009664086	0.007804486	0.03682421	-0.030574149	-0.015716499	0.0240195	-0.06089711	0.04605378	0.066768385	0.099551424	-0.082333356	-0.012108143	-0.07536721	0.030086944	0.034184214	0.07849496	0.015056158	-0.032146808	-0.00836442	-0.04829583	0.010892153	-0.022334626	-0.1419261	-0.00040965131	0.018340472	-0.04675967	-0.04045058	-0.021254199	-0.015042073	-0.030657358	0.029661162	0.014660263	0.036174305	0.030310223	-0.070171565	-0.01666851	-0.005430764	0.0026372466	0.0022553136	0.025460994	0.039273296	-0.0023800624	-0.20217244	0.045037672	-0.012093347	0.025811218	0.05019706	0.02771053	0.009624528	-0.011041222	0.025570363	0.024528503	-0.08034178	-0.0026970643	0.005747588	0.027493061	-0.007415943	-0.03981423	-0.047661632	0.0998931	0.005644096	0.03788805	-0.031512287	0.042515036	0.052163523	0.0046315063	-0.10230569	-0.010210923	-0.05728733	-0.0008408399	0.089777686	-0.030091422	0.13534482	-0.039667558	0.01403299	0.002720908	0.017268877	-0.11996447	-0.031793304	0.03607685	0.021398816	-0.0048453948	0.06590877	-0.01737389	0.16952185	-0.022553105	-0.0008327529	-0.003745648	-0.047851164	4.36239e-07	-0.10301449	0.09114759	-0.010180455	0.034373008	-0.023399308	-0.007252478	0.065997615	0.009525951	0.03321622	0.0052196197	0.12809764	0.020486856	-0.018766442	-0.021184212	0.036001403	-0.0774715	-0.040438488	-0.008569762	0.07214048	0.02180899	-0.01459645	0.019811152	-0.0063224076	0.105589435	-0.006571531	0.012303142	-0.028155876	-0.08543186	0.038792633	-0.0636279	0.1074409	-0.0037555748	0.039948065	-0.09171708	0.05922871	-0.04537094	-0.013594202	-0.021711677	0.030686907	0.118586995	0.024284925	-0.0019454358	-0.09010156	-0.059167247	0.01710985	0.042314637	0.09153044	-0.047500547	0.013149726	0.0707928	0.0149838505	0.025347369	-0.0020437555	0.0025494935	0.012972332	-0.031134797	0.016688792	-0.03695976	0.0059920326	0.02296224	-0.036692783	0.011469641	0.013736546	-0.07235401	-0.016416008	-0.04373935	-0.0033163305	0.047341157	-0.038061336	-0.00990299	0.032139458	-0.05825075	-0.01021447	0.0053485176	-0.036229637	0.01927652	5.59383e-05	0.017662792	0.009554648	0.01920872	-0.0940953	0.0199674	0.012566008	-0.12724926	-0.05652272	0.014194443	0.046584036	-0.11910601	0.0014302854	0.022887174	0.0154956775	-0.01257509	-0.012307475	-0.0383851	0.0029132161	7.4021654e-07	0.0110723255	0.039612345	-0.030464452	0.017047575	-0.03597621	0.06771605	-0.10760034	0.0035525342	-0.0019086648	0.034146808	0.08080514	-0.027891729	-0.05382473	0.027711567	0.04556057	0.03480753	0.031140814	0.09464404	0.005229556	-0.016709186	0.08945403	0.015706122	0.0033120443	-0.017089304	-0.022636436	0.029650476	-0.040293682	0.031989094	-0.049229305	0.037664246	0.030523103	0.0020930637	-0.031286884	0.010244665	0.0027319654	0.21434975	0.021201205	0.022058189	0.0011751474	0.088153325	-0.020251967	0.005112376	-0.023871746	0.017458338	-0.047762286	0.013397412	-0.014172159	0.035424635	-0.012178245	-0.011313173	0.06168357	-0.023451231	0.02385675	0.013593895	0.06865163	-0.0150522655	0.0027402327	0.083034836	-0.021739576	-0.06511173	0.063818194	-0.046933554	-0.0002579684	0.025798399
0.1071	0.03019076	-0.013989135	0.020155683	0.004485353	0.008173179	0.051375255	0.08448504	-0.09000802	0.019324066	-0.018247308	-0.031508923	0.021008287	0.011783607	-0.026361616	-0.0012581142	0.0074564796	-0.2217484	-0.058886796	0.017271161	-0.060277604	-0.10486658	0.06534146	0.0009559709	0.067906514	-0.05687013	-0.041058794	-0.007007893	-0.02564543	0.016444776	-0.07341935	0.051551927	0.038593564	-0.002882049	-0.17780268	-0.040407144	0.023394113	-0.028346114	-0.000931733	0.006009024	-0.011839248	-0.025859367	0.015764209	0.012510899	0.016183484	-0.028136676	0.020468181	-0.0091559775	-0.12743133	0.05957163	-0.041295193	0.040151216	-0.008929775	-0.01746534	0.014445923	-0.03675597	-0.06199406	-0.039210808	-0.006342429	0.010434977	-0.06406219	0.006943838	-0.0072450954	0.024865419	0.07872242	-0.008505252	-0.013736985	-0.1338243	-0.08336491	0.09442249	0.0047448697	0.018582085	-0.019480586	0.014520941	-0.011832016	-0.054822642	0.001964371	0.027129574	0.021887014	0.005082777	0.062172398	-0.014582406	-0.037005812	-0.01533019	0.051284324	-0.03633221	0.03463056	-0.13926747	-0.12561567	0.014176824	-0.01952598	0.06629421	0.068693995	0.018405464	0.08361444	0.036881886	0.012798705	-0.030282635	-0.04851094	-0.027879253	0.004464097	0.030711995	0.014421895	-0.005672419	-0.041746773	-0.016664295	0.06665722	-0.009554156	0.004615246	-0.009837557	0.0130376	0.008957403	0.0018789947	0.027607976	-0.00625606	-0.10077858	0.04366096	0.046584036	-0.029800253	0.066181846	0.049853057	0.0017150178	0.05252667	0.025198976	0.027983546	0.031278737	-0.0070826714	6.722389e-07	-0.03126895	-0.092577286	0.0015342731	0.022869432	-0.047224812	-0.00022634148	-0.010734411	0.009670642	0.03699428	-0.029876428	-0.0110905655	0.022750238	-0.062955916	0.04819265	0.06238322	0.0958152	-0.08576341	-0.010877018	-0.07849018	0.031749953	0.03314147	0.079649344	0.016216174	-0.031837538	-0.010342465	-0.050399546	0.013477954	-0.022333741	-0.13487704	0.002265754	0.014943377	-0.04559601	-0.04281008	-0.0271218	-0.012811575	-0.032310333	0.026982585	0.012527513	0.03514717	0.034131993	-0.07038812	-0.0197131	-0.003224781	0.0032453504	0.0004586514	0.02273356	0.040842373	-0.0025155027	-0.19869709	0.04582732	-0.013830691	0.02955198	0.051890317	0.022308037	0.011662952	-0.011849334	0.02519764	0.024561564	-0.082147084	0.0001075281	0.0043611275	0.025214897	-0.0088181	-0.039130393	-0.05106072	0.10030294	0.003995045	0.041570675	-0.031393502	0.045131974	0.05004306	0.0031653803	-0.099627025	-0.009343855	-0.058874317	-0.0010610779	0.08837552	-0.02982274	0.13348514	-0.03895434	0.014899472	0.003854112	0.017326636	-0.12067641	-0.029450802	0.03551676	0.024889084	-0.01088053	0.06930842	-0.016492577	0.16805124	-0.025636839	0.004041388	-0.0035836732	-0.047686122	-1.6051253e-07	-0.10702637	0.08977552	-0.009882353	0.031003455	-0.023613505	-0.007306361	0.06439466	0.012202517	0.031171683	0.0071315304	0.12530911	0.01654415	-0.019050606	-0.022645423	0.038306415	-0.0772211	-0.039019033	-0.009843172	0.07114243	0.02242733	-0.013802431	0.016925355	-0.0070876563	0.10417407	-0.013155179	0.012928314	-0.030588381	-0.087404124	0.04035536	-0.06504206	0.10216513	-0.005935876	0.034099866	-0.10239523	0.05540978	-0.041641623	-0.01464751	-0.023854306	0.033321198	0.116169825	0.02564663	-0.004610021	-0.08670217	-0.060845904	0.016803278	0.039785665	0.09116384	-0.050312713	0.013188097	0.07238329	0.014142396	0.019964298	-0.0065483786	-0.00028642354	0.015268247	-0.036112964	0.019054582	-0.037086237	0.0153710395	0.021289935	-0.03865874	0.0090173045	0.014875217	-0.075125545	-0.01938145	-0.046563692	-0.0068236757	0.04480845	-0.038443238	-0.010534409	0.03987538	-0.06611551	-0.017576862	0.0013152846	-0.035680603	0.015068603	-0.001899745	0.013769993	0.007959419	0.017813597	-0.09500861	0.016162682	0.018518832	-0.12451253	-0.057289924	0.014117424	0.043977726	-0.120530725	0.0026714941	0.021261023	0.014600929	-0.012025739	-0.015705759	-0.040503837	0.002134541	3.0029125e-07	0.012094376	0.03810493	-0.030994808	0.015437235	-0.035396904	0.064367495	-0.10069786	0.002729634	-0.0026620992	0.032859523	0.0793	-0.026851745	-0.05521916	0.023226107	0.052403115	0.0344786	0.028330771	0.09665116	0.0040988796	-0.016303595	0.09009725	0.014505311	0.0037501785	-0.019255277	-0.026015969	0.029080719	-0.03662583	0.03206747	-0.04937582	0.039515935	0.029728517	0.0010094706	-0.036853433	0.0071734264	0.008699692	0.21398872	0.018399654	0.018272288	0.0005775295	0.08698726	-0.026750926	-0.0014586314	-0.022920426	0.022986017	-0.047268853	0.010587954	-0.015412084	0.03276169	-0.008730949	-0.013496845	0.06149101	-0.023904169	0.026062276	0.011374108	0.0690991	-0.018745903	0.0068482663	0.08004631	-0.02033777	-0.06324574	0.065273024	-0.04827555	0.0024341485	0.02655529
0.10684618	0.030468505	-0.010445819	0.01860068	0.008518605	0.008538521	0.053583965	0.08752651	-0.08995115	0.021179067	-0.014620223	-0.02784955	0.019789374	0.011413192	-0.025651038	-0.00022397282	0.0061218385	-0.22601962	-0.06052745	0.016664227	-0.060013864	-0.105859995	0.06622932	0.0039558667	0.06796703	-0.057143383	-0.041045386	-0.0072005866	-0.029359428	0.013933359	-0.073998585	0.052449487	0.03813636	-0.004341697	-0.18493865	-0.043661	0.021276016	-0.027161729	-0.0007594974	0.0036865985	-0.014248828	-0.027600616	0.017275685	0.01167392	0.013601364	-0.028033633	0.018332811	-0.008062489	-0.12365882	0.05778973	-0.0433754	0.03964975	-0.014660414	-0.020785933	0.014482269	-0.041581903	-0.060580056	-0.0401066	-0.0030266298	0.011721986	-0.06207249	0.00669444	-0.008219299	0.02230584	0.07866865	-0.008174441	-0.010897923	-0.13257715	-0.083064295	0.09757558	0.0097960085	0.01895337	-0.018849874	0.0137646105	-0.014802497	-0.059841577	-0.0012067762	0.02824466	0.022048466	0.0029875056	0.060001098	-0.0139373895	-0.031776477	-0.013723389	0.053963777	-0.034854926	0.03525832	-0.14216167	-0.1267888	0.012827235	-0.018671514	0.06729195	0.06872528	0.01925683	0.08064251	0.038448364	0.011231778	-0.032343157	-0.05215114	-0.021312749	0.002995605	0.032630187	0.01139136	-0.004284549	-0.042482104	-0.017122908	0.066278316	-0.0093051735	0.0036109379	-0.00733628	0.011922638	0.008592229	0.0017793876	0.023456078	-0.0064605023	-0.0971294	0.049014788	0.046070475	-0.03188055	0.066879325	0.047920935	0.00022195424	0.052982282	0.022780385	0.027778234	0.03316643	-0.008682632	6.0513617e-07	-0.028894518	-0.09589501	-0.002177584	0.021572376	-0.043800466	-0.0018531607	-0.014254861	0.0059955115	0.037072618	-0.03427247	-0.010165577	0.02065335	-0.06070949	0.045014836	0.061522778	0.09571874	-0.08253587	-0.009371567	-0.078221254	0.027360788	0.030882971	0.079639055	0.016818682	-0.031271078	-0.011280882	-0.049196545	0.01277717	-0.020535007	-0.1382209	0.0025745141	0.018012473	-0.043010846	-0.037837543	-0.023704126	-0.015625272	-0.032546364	0.030916793	0.010826427	0.034950834	0.03412539	-0.07218958	-0.01813615	-0.0042762016	0.0074892985	0.0012350637	0.02056153	0.037158962	-0.0006811153	-0.20224418	0.044517744	-0.014658201	0.029426394	0.051806595	0.025222033	0.009496109	-0.0075307903	0.024570355	0.021283073	-0.08214986	-0.0013182963	0.0064460766	0.027258525	-0.0054286956	-0.042762488	-0.050786544	0.09611985	0.0035726705	0.03950973	-0.035982404	0.04373052	0.049816012	0.0035931866	-0.10392684	-0.009841483	-0.05839682	-0.0011265326	0.09104264	-0.03132453	0.13112943	-0.041044377	0.012214459	-0.000977721	0.017746506	-0.12358042	-0.03288161	0.03338907	0.023159182	-0.012819947	0.06661497	-0.016295541	0.16844422	-0.02347638	0.0013812513	-0.0047719255	-0.045139622	-2.3132225e-07	-0.10346279	0.08868688	-0.012197898	0.031486303	-0.021886228	-0.007279652	0.06170422	0.004205267	0.034780145	0.005866349	0.12622936	0.018932806	-0.018882629	-0.025870768	0.03963861	-0.0744488	-0.03752887	-0.008562234	0.06854531	0.02172356	-0.011425432	0.015312281	-0.0072871484	0.10603304	-0.013669028	0.011387701	-0.033993132	-0.08894832	0.03636315	-0.06641114	0.10003611	-0.0071817245	0.038264878	-0.09586706	0.059048988	-0.042288885	-0.016115641	-0.021315657	0.02710841	0.1167766	0.02642915	-0.0030038273	-0.08786314	-0.05847944	0.017329562	0.041106295	0.08991068	-0.048764545	0.014767254	0.07315383	0.0122302305	0.019317096	-0.003427929	0.0032379515	0.017943759	-0.032043435	0.016793849	-0.034614556	0.009625019	0.024231952	-0.039011594	0.0087783355	0.011699878	-0.07761997	-0.016996797	-0.046805117	-0.008155384	0.04287542	-0.040400375	-0.0076738694	0.0381599	-0.060259856	-0.0208195	0.0033134308	-0.034566067	0.015624094	-0.0051267343	0.016995117	0.00571908	0.016054176	-0.09082514	0.017572777	0.015626945	-0.1268395	-0.057355344	0.018839793	0.049002428	-0.11563246	0.004319858	0.019260889	0.014110957	-0.0109115215	-0.015862651	-0.03705963	0.00037421414	2.114999e-07	0.013635941	0.036516443	-0.030654645	0.015587487	-0.031572856	0.06418562	-0.10421388	0.0022060105	-0.0039025948	0.03596613	0.08301312	-0.022999955	-0.054907702	0.026771419	0.04698377	0.033936486	0.02699958	0.0929385	0.0022521196	-0.015758302	0.08685821	0.013874976	0.004781856	-0.01630968	-0.022899842	0.031402823	-0.036126312	0.03207687	-0.049361564	0.036172714	0.030714607	0.001711836	-0.0365003	0.007904001	0.0033249431	0.21440943	0.020066943	0.018243777	0.0008082553	0.08652453	-0.023770984	-0.00015702403	-0.02117105	0.02217468	-0.04718042	0.011358868	-0.01064332	0.03356552	-0.010712789	-0.015293753	0.05698469	-0.0253409	0.025845084	0.013292446	0.070506126	-0.015473936	0.005812156	0.08165322	-0.022370318	-0.06376695	0.06663322	-0.042897083	-0.0018798729	0.026795613
0.10374598	0.031461813	-0.013278862	0.018411217	0.008225944	0.0097296955	0.05192347	0.08584133	-0.09236381	0.02055505	-0.014005497	-0.029194998	0.018463142	0.013555164	-0.02502715	0.0004613326	0.008455696	-0.22610225	-0.05908536	0.01908026	-0.058966797	-0.1049308	0.065710686	0.0030758157	0.06611695	-0.0566199	-0.041715182	-0.0076387026	-0.029492212	0.014522437	-0.07481453	0.05017737	0.03734212	-0.0036457053	-0.1829951	-0.04227938	0.021000087	-0.02640183	-0.002599909	0.004223838	-0.012921355	-0.029104749	0.016026367	0.008566645	0.014591824	-0.028215326	0.02046305	-0.0110695725	-0.12579651	0.057634816	-0.044787828	0.036529023	-0.012840775	-0.018796436	0.015134887	-0.042055715	-0.059306026	-0.041121718	-0.0028572246	0.011030952	-0.05969231	0.0076995958	-0.009946368	0.022725184	0.07678602	-0.007121348	-0.013541108	-0.13480559	-0.0827085	0.09993069	0.008706018	0.017749889	-0.021296144	0.012200773	-0.013448069	-0.057724025	-0.0012479186	0.02806991	0.020007916	0.00020823067	0.06066483	-0.014744337	-0.031697087	-0.015638294	0.050031822	-0.03517269	0.03458399	-0.14188392	-0.1273482	0.013626759	-0.017950403	0.06727132	0.07039246	0.019678669	0.082959525	0.03669651	0.009387299	-0.033178624	-0.051604725	-0.02060268	0.003784002	0.03333422	0.008465827	-0.005787964	-0.04196682	-0.01594385	0.066193275	-0.011689611	0.0054466743	-0.006435762	0.010074579	0.0105413105	0.0035195628	0.02235721	-0.007242436	-0.09948433	0.04771797	0.045236703	-0.032050185	0.069952205	0.04936537	0.0007296607	0.05437477	0.021866314	0.028681593	0.030112365	-0.00837294	2.1163815e-07	-0.029073948	-0.095676094	-0.0024236296	0.020958977	-0.042172424	-0.002310775	-0.014158794	0.005731149	0.03957208	-0.033462577	-0.011538119	0.022659928	-0.059463497	0.04373764	0.06224733	0.09752947	-0.08355751	-0.010614576	-0.07884427	0.02667312	0.030366976	0.0790118	0.016540429	-0.033941682	-0.011114339	-0.05017355	0.011778464	-0.020850757	-0.13653384	0.0035191653	0.014772288	-0.041452467	-0.039493453	-0.024596553	-0.016949842	-0.030012276	0.028641518	0.012140094	0.032625202	0.03334626	-0.07102404	-0.016911175	-0.0058500743	0.010078707	0.0034284627	0.019853007	0.03494455	-0.0029058203	-0.20418024	0.044438507	-0.013327934	0.028794961	0.052325156	0.024757545	0.007715195	-0.0072482163	0.024138099	0.022459436	-0.08299782	-0.0025267457	0.0033806977	0.026154626	-0.005210006	-0.042279538	-0.05256878	0.09819441	0.0047980365	0.04021234	-0.0395291	0.044608295	0.05139754	0.0037135764	-0.103204735	-0.009864381	-0.05922829	-0.0020807616	0.08949445	-0.0324947	0.13080886	-0.039262947	0.015444203	0.0010849928	0.02014801	-0.11997411	-0.032873485	0.033731855	0.022976104	-0.012941297	0.06575769	-0.015505682	0.1665684	-0.0240069	0.0015019141	-0.005189756	-0.04639259	-4.4601268e-07	-0.10370766	0.08979582	-0.012869278	0.034056574	-0.021828003	-0.0070594964	0.06010272	0.004397079	0.035227377	0.003715193	0.12720191	0.019138727	-0.01714257	-0.025537834	0.040138245	-0.07547704	-0.040962383	-0.011858062	0.068176985	0.022423875	-0.012412668	0.01235237	-0.004899287	0.10167984	-0.012282596	0.013458818	-0.032407023	-0.087734245	0.03797329	-0.067150414	0.09881577	-0.0052910093	0.03776661	-0.09752352	0.058604576	-0.040843222	-0.017457344	-0.023422353	0.026862051	0.120032035	0.024293033	-0.0010814677	-0.087957405	-0.05944164	0.01867832	0.040362448	0.09075889	-0.046958946	0.014004679	0.07531107	0.013608975	0.019089168	-0.0052841012	0.0021850085	0.019545438	-0.02910164	0.01650303	-0.035019517	0.011586414	0.025334265	-0.03971818	0.0096738655	0.01277578	-0.08037544	-0.018643936	-0.045355618	-0.0082019055	0.041834828	-0.038444262	-0.008178757	0.039860968	-0.059326615	-0.022553468	0.0030082972	-0.032914497	0.015211186	-0.005612654	0.016497385	0.0065270984	0.0139150135	-0.091265835	0.015798938	0.015987504	-0.12859431	-0.058975566	0.01778369	0.045540676	-0.11843343	0.00441387	0.018924644	0.014645484	-0.009940928	-0.012991969	-0.037827782	0.0008583366	7.5797296e-08	0.013288856	0.037838656	-0.0291523	0.0155425295	-0.034401864	0.06376394	-0.10479128	0.0020456805	-0.0046912194	0.03618599	0.08171889	-0.02202059	-0.05315009	0.026214933	0.046299126	0.032743525	0.02974012	0.09166641	0.0021056617	-0.0140299965	0.08813144	0.013741799	0.004034647	-0.01898376	-0.025001371	0.031243844	-0.034989048	0.03034408	-0.049743768	0.03449481	0.029713714	0.0022109197	-0.03820605	0.010166947	0.00509481	0.21506037	0.020413434	0.017245322	-0.0012416184	0.08583182	-0.021793362	0.0026743857	-0.019860981	0.022729883	-0.04725129	0.012025216	-0.010963294	0.033815987	-0.010779743	-0.015244172	0.056158043	-0.024506034	0.025330165	0.010472263	0.0674801	-0.016754543	0.006600499	0.080377705	-0.024266755	-0.06321422	0.0674693	-0.04507551	-0.0046606846	0.026748637
0.104735896	0.03480998	-0.009765759	0.016676696	0.007997873	0.0109731	0.056304276	0.09018403	-0.095467985	0.01974145	-0.014837484	-0.027762596	0.018102452	0.010536664	-0.027811715	0.0020826715	0.006587736	-0.21851288	-0.059674386	0.01448189	-0.058713056	-0.10576764	0.068225384	0.0047263023	0.058733955	-0.05428804	-0.036760442	-0.0045400644	-0.027608326	0.013198454	-0.07271484	0.0505153	0.041427765	5.4159045e-05	-0.18026088	-0.04276387	0.025070276	-0.02758657	-0.001418175	0.0025376382	-0.007769923	-0.028156651	0.01966671	0.009924673	0.013541643	-0.027262375	0.016766991	-0.012451998	-0.13128977	0.058001157	-0.044427857	0.035751674	-0.01725538	-0.01619819	0.01911512	-0.043415897	-0.060842868	-0.03792661	-0.0043401043	0.010492555	-0.05702599	0.009280291	-0.00713796	0.024845421	0.07781284	-0.009787534	-0.013880301	-0.1376554	-0.08238062	0.09795634	0.010764573	0.017819025	-0.019079417	0.008067162	-0.0143425455	-0.061040495	0.00092600536	0.030925578	0.021292733	0.002779443	0.059614677	-0.012652677	-0.029598514	-0.012370304	0.04638514	-0.032380093	0.03242079	-0.14049555	-0.13149467	0.016455106	-0.019473298	0.0705097	0.07722627	0.019448103	0.081568256	0.03902569	0.011519737	-0.036690954	-0.046233997	-0.028641641	0.0019376529	0.03519993	0.012524383	-0.0036396093	-0.046778124	-0.018577315	0.06459055	-0.0111203315	0.0053296466	-0.0041075544	0.010214781	0.012112757	0.0028540962	0.023105396	-0.006479447	-0.0963052	0.04918488	0.044276934	-0.034706198	0.066256166	0.045475036	0.0013058811	0.055347204	0.024004962	0.030089764	0.024744527	-0.008026467	1.1392974e-06	-0.030380875	-0.09852189	-0.0018059957	0.022371432	-0.046379544	-0.0013414897	-0.013041147	0.0048363274	0.045194898	-0.033666577	-0.009886992	0.020785742	-0.060797617	0.050257713	0.06227893	0.099586725	-0.07896085	-0.01020911	-0.08323564	0.025862483	0.03355707	0.08315501	0.016181583	-0.03067189	-0.015961265	-0.053740695	0.014321459	-0.020396233	-0.13271205	0.0047594868	0.011593756	-0.046927433	-0.041110378	-0.022990573	-0.016378144	-0.033323765	0.032652315	0.011078794	0.037052304	0.0336005	-0.06973192	-0.016162477	-0.0058277296	0.010422389	0.0072504147	0.021036064	0.036741327	-0.0009584798	-0.20637509	0.048093084	-0.014977289	0.030974763	0.056952883	0.027044585	0.011194673	-0.009779777	0.023998743	0.022717599	-0.08831461	-0.0039496045	0.008861891	0.02547106	-0.008196272	-0.033917062	-0.054600008	0.10281281	0.0022369535	0.042000625	-0.033343494	0.0440132	0.052763585	-2.4771804e-05	-0.09841348	-0.00645121	-0.06403448	-0.0022692545	0.08214776	-0.031699445	0.12919617	-0.04339376	0.01466374	0.0016783669	0.011608547	-0.1164804	-0.03583603	0.03315037	0.025083957	-0.010384303	0.07326459	-0.019250978	0.16387182	-0.02630839	0.0026017495	-0.008072349	-0.045144413	2.79321e-08	-0.1035416	0.09039566	-0.014270233	0.028443946	-0.021403253	-0.0034492847	0.055898912	-0.005003006	0.035560288	0.0041881604	0.124526896	0.016160375	-0.019159181	-0.02779395	0.0363511	-0.073171	-0.03615566	-0.010433008	0.06655948	0.024824658	-0.011160287	0.01731953	-0.012901129	0.09942352	-0.01433522	0.01295977	-0.035563044	-0.08419042	0.039064825	-0.06180956	0.10169518	-0.0066362903	0.039559506	-0.099532224	0.06245025	-0.04102094	-0.015161899	-0.020292569	0.028785182	0.1163164	0.03271068	-0.0025756198	-0.084756516	-0.05957957	0.016135437	0.043175064	0.092417985	-0.045174938	0.013102461	0.07230878	0.012385724	0.018778654	0.0020278273	-0.00024193113	0.020528719	-0.028520772	0.019151587	-0.03323116	0.0110629015	0.029722558	-0.03897133	0.010017385	0.015367148	-0.07521864	-0.017570741	-0.04816158	-0.0135066975	0.04307673	-0.036836345	-0.011224326	0.04010745	-0.061894856	-0.0165551	0.0003064845	-0.033945605	0.012286978	-0.012849152	0.018976765	0.007952329	0.011791783	-0.08479208	0.0132834595	0.011735748	-0.12682146	-0.060407218	0.016402923	0.043817725	-0.12526843	0.007113432	0.017465351	0.015943453	-0.009735414	-0.01660581	-0.034141432	-0.00049595087	2.3012915e-07	0.0112027675	0.033680283	-0.028952535	0.017546972	-0.035056263	0.06411011	-0.10427914	0.0038776442	0.00017091892	0.041296676	0.084446	-0.027806705	-0.051221717	0.025738575	0.05151147	0.031793527	0.02674135	0.09419696	0.0024389473	-0.014945749	0.09152555	0.004930162	0.00081698026	-0.013315098	-0.024784539	0.031171476	-0.035477556	0.034737844	-0.052702833	0.039266158	0.02692931	0.0035400852	-0.040495206	0.010800921	0.0050872564	0.2115345	0.023870708	0.01574785	-0.0016988848	0.08733899	-0.023640854	0.0031429217	-0.020455504	0.020611545	-0.045083143	0.008289046	-0.009577454	0.029318096	-0.010202267	-0.016820155	0.049293566	-0.027893174	0.025351075	0.012023803	0.06400654	-0.016297994	0.008210036	0.08331641	-0.01594639	-0.06303748	0.06431164	-0.040551364	-0.0022642596	0.025256688
0.106060736	0.034556147	-0.010142375	0.01658917	0.008033209	0.010492548	0.054918673	0.09037972	-0.0944816	0.019513013	-0.014770228	-0.027606804	0.017469319	0.010338768	-0.027687913	0.0027094614	0.0070388275	-0.22097413	-0.060053736	0.014707548	-0.058011647	-0.10634311	0.067823194	0.00285734	0.060598463	-0.05402727	-0.03709532	-0.0051132413	-0.026959449	0.0129341595	-0.07386467	0.051321138	0.039586145	-0.0010548314	-0.18176885	-0.043477163	0.024844024	-0.028031085	-0.0013483872	0.0023528775	-0.010021304	-0.028800508	0.019549942	0.0104389265	0.013917558	-0.027614823	0.017506246	-0.012607983	-0.13117442	0.057692006	-0.045266636	0.03575409	-0.017192634	-0.017528	0.017674152	-0.04283031	-0.06079207	-0.037684973	-0.0037306442	0.011820491	-0.056931768	0.0087330565	-0.009164223	0.02408472	0.07728389	-0.010454398	-0.013241584	-0.13564907	-0.08185157	0.09843855	0.011364232	0.018347224	-0.01893865	0.00810896	-0.01390822	-0.059947528	-0.00012482145	0.02996462	0.02049949	0.0024979129	0.061397582	-0.013037952	-0.02944082	-0.012191787	0.046799596	-0.032436132	0.032401573	-0.14162475	-0.13042499	0.016041312	-0.018480148	0.07044426	0.0760872	0.019352324	0.080772065	0.039111987	0.011706448	-0.036071494	-0.045982584	-0.026743725	0.0028908355	0.035544135	0.01073745	-0.0053567677	-0.0459059	-0.017085258	0.06429568	-0.010530804	0.005394276	-0.0031040348	0.010281409	0.011650738	0.003021326	0.023540357	-0.0073896926	-0.096037835	0.048276223	0.04450207	-0.034481272	0.066697456	0.047031794	0.0014434883	0.054240946	0.02405263	0.029797453	0.02604886	-0.008397594	9.3266607e-07	-0.029854255	-0.09888484	-0.0008960355	0.02190869	-0.045047153	-0.0014337559	-0.012564244	0.004968786	0.043896858	-0.03372975	-0.010727238	0.019955972	-0.06034133	0.04904019	0.06306433	0.09896578	-0.079038545	-0.009193294	-0.08213897	0.026847672	0.033013053	0.083532035	0.016396316	-0.031027054	-0.015460385	-0.053268597	0.013640056	-0.020386057	-0.13446839	0.0049362085	0.012405807	-0.04695587	-0.04082815	-0.022528544	-0.015941165	-0.034202147	0.03286463	0.010413555	0.03534041	0.03271743	-0.06955475	-0.015791822	-0.0065981373	0.011246735	0.0063094185	0.02111095	0.037446626	-0.00064407	-0.20504393	0.048226368	-0.014194199	0.030543111	0.056201752	0.027817423	0.010802449	-0.008606865	0.024100821	0.022826156	-0.08712646	-0.0033641777	0.0073673655	0.026138023	-0.007890182	-0.035153143	-0.05304132	0.10226306	0.0033722594	0.040574174	-0.035035253	0.043755583	0.051849056	0.00067839434	-0.098375775	-0.0062689343	-0.06343889	-0.0021646398	0.082987204	-0.031129537	0.12960476	-0.043623406	0.013629405	0.0018705575	0.01201396	-0.117874876	-0.034376465	0.03326588	0.024329793	-0.010790927	0.071401335	-0.017950023	0.16489981	-0.02456941	0.0016087289	-0.00722924	-0.044379596	-6.220594e-08	-0.10308062	0.09040253	-0.013748181	0.029613126	-0.021444174	-0.0042890506	0.0565584	-0.0038550887	0.03654775	0.0054584616	0.12547453	0.017080057	-0.017984685	-0.027087752	0.03657827	-0.07260976	-0.03663945	-0.010069688	0.06786482	0.023838188	-0.010426537	0.016426025	-0.011968294	0.09923964	-0.013668702	0.013379506	-0.035483476	-0.08475043	0.03877624	-0.06277202	0.10190222	-0.007968809	0.03846685	-0.09884538	0.062448014	-0.0418032	-0.015295534	-0.020131124	0.028619392	0.11612152	0.03219185	-0.0028370095	-0.08690195	-0.059776913	0.016684566	0.042448603	0.09304878	-0.046234023	0.013326792	0.071967535	0.013447723	0.018231014	0.00027478123	0.00041245858	0.02022301	-0.028607076	0.01893383	-0.032976415	0.011035581	0.028686259	-0.0379064	0.009271336	0.01434846	-0.07755792	-0.017005414	-0.048000183	-0.012132469	0.043382056	-0.03755099	-0.0105766915	0.040247675	-0.06138819	-0.01807691	0.0020270883	-0.032911517	0.014421575	-0.010661509	0.01932335	0.007518918	0.012102709	-0.08676412	0.014788688	0.01293412	-0.12658639	-0.060513884	0.017990971	0.045152944	-0.123282924	0.006521792	0.017431311	0.015727201	-0.009391217	-0.014914471	-0.035000805	-0.00053139636	2.3005738e-07	0.011686032	0.034777313	-0.028787553	0.018080652	-0.034881916	0.06321677	-0.10408638	0.0044076284	-0.0014237947	0.04092315	0.08366468	-0.026635118	-0.053096414	0.025267884	0.04917718	0.031962913	0.026164453	0.093649186	0.002189716	-0.015261028	0.090308644	0.0067677307	0.0014274053	-0.012817174	-0.025077702	0.03066534	-0.037034925	0.03333394	-0.05104691	0.039441027	0.02800808	0.003254425	-0.04003764	0.010257493	0.0046082563	0.21203864	0.022860145	0.01565615	-0.0019484838	0.087202534	-0.023599451	0.0015642081	-0.020039603	0.021996288	-0.04538911	0.009077804	-0.010504157	0.028803417	-0.010748238	-0.017102815	0.050447024	-0.028433215	0.024908077	0.012334897	0.06535308	-0.01624993	0.008244235	0.0820659	-0.017642817	-0.063022	0.06354369	-0.041601177	-0.003533808	0.026391918
0.10386682	0.031051407	-0.0136875585	0.020028323	0.0070391926	0.011598901	0.051769223	0.085513934	-0.08999397	0.019153895	-0.01505472	-0.029197186	0.018371932	0.012801296	-0.028475776	-0.001290459	0.00760416	-0.22630492	-0.05933205	0.017874345	-0.057377208	-0.10468711	0.063871466	0.0005342695	0.066836685	-0.05488437	-0.041595317	-0.008693273	-0.030045541	0.0149388695	-0.074679	0.050061498	0.038808506	-0.0031686076	-0.18372041	-0.04157751	0.022472205	-0.027228836	-0.0015761561	0.0046821986	-0.012853978	-0.026911426	0.015291602	0.009596455	0.014120211	-0.027161092	0.020810435	-0.008148248	-0.12343185	0.057815958	-0.043383647	0.03777054	-0.012924587	-0.017385563	0.0155031895	-0.040733207	-0.061272614	-0.0402194	-0.004851523	0.012008214	-0.061333742	0.006996768	-0.008856438	0.02397004	0.07553269	-0.008338165	-0.013475241	-0.13589966	-0.08221361	0.0963908	0.0067620873	0.0177702	-0.0184265	0.0109416	-0.014927559	-0.05912006	0.0002989608	0.027525246	0.021675216	0.00052874663	0.0617066	-0.015192689	-0.03413806	-0.014168038	0.052790277	-0.03440127	0.034624454	-0.14041157	-0.12620111	0.014475742	-0.015912784	0.06434546	0.069150195	0.018887104	0.08350925	0.037285108	0.01228056	-0.032359257	-0.04909508	-0.028960355	0.0072811637	0.032004382	0.0132611785	-0.00758894	-0.044414103	-0.015059456	0.066715434	-0.010807637	0.005519095	-0.00758968	0.010905698	0.007754839	0.0012481031	0.022819603	-0.008058109	-0.09810723	0.046446986	0.045999072	-0.030019548	0.06913269	0.05218942	-0.0011038816	0.05521876	0.022368193	0.027751328	0.032802477	-0.009064139	6.520723e-07	-0.030869365	-0.09525766	-0.0035478098	0.019968126	-0.0422895	-0.0005481822	-0.012297591	0.0075004604	0.039045338	-0.031110572	-0.009790419	0.023100698	-0.060684007	0.04650307	0.062026866	0.09877017	-0.08217926	-0.012500742	-0.07784819	0.027434813	0.03132347	0.079246946	0.015820071	-0.03297256	-0.010379154	-0.047757234	0.011255663	-0.020774513	-0.13814856	0.002757637	0.016515173	-0.04217969	-0.03818065	-0.02548576	-0.013943811	-0.03227033	0.030287605	0.012587287	0.03478935	0.030409534	-0.07079857	-0.0165881	-0.007252033	0.008831946	0.003472773	0.021664705	0.037081566	-0.002390822	-0.20256253	0.045297403	-0.012480671	0.028749488	0.051364403	0.025293246	0.0073562753	-0.007661051	0.02434582	0.022992482	-0.084110774	-0.0010494407	0.004842733	0.02726859	-0.004313129	-0.041320417	-0.0503662	0.09889288	0.004867529	0.040137477	-0.03637124	0.044556495	0.0508887	0.0041914745	-0.10217493	-0.010004482	-0.062407684	-0.00048821108	0.08968218	-0.033760376	0.13102233	-0.03922945	0.012815782	0.0026960522	0.019485902	-0.12067266	-0.031010631	0.033992313	0.02129414	-0.010411211	0.0651161	-0.015239367	0.16923971	-0.022726154	-0.0009942903	-0.0053831125	-0.045329355	-1.8562547e-07	-0.102654636	0.09051558	-0.011073738	0.03430901	-0.021430613	-0.0063970643	0.06175063	0.0075478028	0.03546421	0.0054313275	0.1257624	0.020412756	-0.016067175	-0.024202038	0.039532006	-0.075461216	-0.041430943	-0.009141731	0.06879157	0.024683304	-0.013101764	0.012599122	-0.004678366	0.10330103	-0.010984134	0.015076748	-0.03002456	-0.08758847	0.03753161	-0.06554142	0.09965833	-0.0067508784	0.04047809	-0.0955031	0.060464155	-0.041941244	-0.013336546	-0.024522297	0.028381927	0.117093176	0.024858117	-0.0018887337	-0.0874655	-0.0597208	0.01718901	0.04007473	0.08973334	-0.049626797	0.01259739	0.07393775	0.01300758	0.021040285	-0.004553059	0.0016151795	0.016758036	-0.030774515	0.018974392	-0.03502677	0.012213391	0.02410899	-0.037434626	0.008610426	0.013434991	-0.07863168	-0.017478619	-0.046493176	-0.007544576	0.04209134	-0.0411543	-0.008284299	0.03813662	-0.058892645	-0.018883526	0.003443163	-0.03383707	0.014217348	-0.0032995667	0.01684481	0.008488012	0.01377238	-0.09456168	0.017440751	0.016855625	-0.12942833	-0.057737697	0.016808368	0.046132393	-0.11783418	0.00253078	0.020415485	0.016089093	-0.00991635	-0.012472984	-0.03707761	0.00032334804	2.778094e-07	0.013686033	0.037379824	-0.028535344	0.015951587	-0.033493266	0.06378798	-0.10379379	0.0012138371	-0.0032793893	0.03657018	0.08033758	-0.023275316	-0.055495553	0.027946256	0.045863207	0.031970717	0.03044761	0.093702085	0.0038833087	-0.014262998	0.08871989	0.015345699	0.002363953	-0.01814573	-0.024808241	0.030290557	-0.035944313	0.032396384	-0.04891758	0.036734115	0.028190633	0.00075024954	-0.036575116	0.009389472	0.0041947355	0.21777041	0.018843886	0.017672466	-0.0008318772	0.08678327	-0.021832822	0.0026835492	-0.019889072	0.021347824	-0.04507735	0.012334415	-0.013886065	0.033124104	-0.010457446	-0.012919484	0.059948884	-0.023976421	0.024606368	0.010504995	0.068426155	-0.017928474	0.0057341047	0.081382364	-0.023152068	-0.06389778	0.064523876	-0.046212453	-0.004238892	0.026308585
0.10823785	0.032932814	-0.010924346	0.019311601	0.008958059	0.008924397	0.05093521	0.08746241	-0.08976616	0.016566126	-0.014433026	-0.02661694	0.018424528	0.014452691	-0.024404485	4.8153972e-05	0.008825252	-0.22635078	-0.061091144	0.018461479	-0.056757577	-0.10441181	0.06367098	0.0039094444	0.06839186	-0.054285705	-0.042485382	-0.009005618	-0.029373435	0.015513624	-0.07207266	0.049592763	0.03721228	-0.0055807387	-0.18366107	-0.043082077	0.023072029	-0.02630346	-0.002349785	0.0037377276	-0.014551175	-0.026805189	0.015761744	0.0117807975	0.013825	-0.024915483	0.019298786	-0.008859522	-0.12298414	0.056370538	-0.043996368	0.040603034	-0.0129009085	-0.018742867	0.01633125	-0.041550294	-0.061229944	-0.038936377	-0.002550017	0.012517643	-0.06014185	0.007530196	-0.010475747	0.023824684	0.08034983	-0.008400052	-0.014443742	-0.1348031	-0.08229881	0.09575844	0.008682376	0.019841708	-0.015982324	0.014654563	-0.011479883	-0.05644996	0.0011861477	0.02989024	0.023788806	0.002690788	0.05994026	-0.014007601	-0.029598286	-0.01475325	0.05123399	-0.03647877	0.033586595	-0.14182366	-0.12565687	0.015041061	-0.018302064	0.066531256	0.07332449	0.018583553	0.08277857	0.03687107	0.010837619	-0.033323992	-0.05139058	-0.016010407	0.0027422349	0.03207655	0.0112239355	-0.006592888	-0.043503165	-0.014570761	0.064964004	-0.013751765	0.0052963914	-0.007134653	0.0117877815	0.01092031	0.0034348995	0.02454494	-0.008638652	-0.09461417	0.047230773	0.047219265	-0.03145314	0.068901755	0.046883296	0.0010384485	0.054440383	0.022881603	0.030590232	0.032267287	-0.008450157	1.4238982e-06	-0.02654241	-0.09445167	-0.0007246918	0.023369392	-0.043958936	-0.0039353487	-0.012841123	0.006104233	0.03987474	-0.032993603	-0.008271021	0.018951612	-0.05855758	0.04141253	0.06362054	0.09410991	-0.083103426	-0.008695083	-0.079221115	0.02683031	0.029735768	0.08086934	0.016864289	-0.030265162	-0.012801087	-0.047865186	0.012458124	-0.02090179	-0.13704601	0.0039135255	0.016633602	-0.041897982	-0.03736802	-0.024616046	-0.015100925	-0.03328968	0.031371217	0.0112136975	0.03354232	0.032777853	-0.0726538	-0.017787207	-0.008016247	0.007949347	0.0038895921	0.019757034	0.037694864	-0.0027742141	-0.20472933	0.045153126	-0.016072111	0.030283682	0.05512433	0.024628483	0.008518262	-0.008193372	0.02293723	0.023314599	-0.082911894	0.00069802866	0.0054658875	0.027724748	-0.004288419	-0.039793056	-0.052014366	0.09761565	0.0060176156	0.03944731	-0.03851436	0.04382122	0.05413653	0.002839173	-0.10257564	-0.008504199	-0.060587663	-0.0023788388	0.09272091	-0.031473204	0.13373394	-0.04000764	0.015273838	0.002110411	0.017339304	-0.12076742	-0.032791134	0.035823293	0.02481557	-0.012396551	0.066753305	-0.016873159	0.16960853	-0.023236055	0.0004101644	-0.005115268	-0.045301165	2.6315e-07	-0.10010759	0.08904444	-0.011590972	0.03512676	-0.020640725	-0.005301043	0.05757413	0.0062451074	0.03469978	0.0043902495	0.12849844	0.019578239	-0.016840063	-0.022694383	0.03960648	-0.076127924	-0.03937846	-0.010090559	0.07091139	0.024118356	-0.010558888	0.014897508	-0.008693134	0.10456466	-0.012081055	0.01581411	-0.028403584	-0.08931292	0.038736496	-0.06448724	0.100069605	-0.0069160876	0.039648335	-0.09634847	0.057256382	-0.041433185	-0.016028075	-0.023004316	0.027352486	0.118236184	0.024571689	-0.0013587326	-0.08787962	-0.05982527	0.01825617	0.039944526	0.090174116	-0.04522124	0.014411907	0.07206181	0.0121418405	0.022097321	-0.0036204886	0.0030823152	0.017922485	-0.034837145	0.016843675	-0.0341749	0.010242578	0.025671018	-0.03940414	0.008222486	0.012257551	-0.079243794	-0.018096693	-0.04465199	-0.009835653	0.042380653	-0.0405749	-0.006707589	0.04224056	-0.058243122	-0.021205703	0.0032175276	-0.034540683	0.016863631	-0.0047469614	0.018920286	0.007902001	0.015807325	-0.09079193	0.014433038	0.015353302	-0.1275375	-0.05747158	0.016768593	0.046693657	-0.11803964	0.004251189	0.020861657	0.013856738	-0.009771959	-0.013210589	-0.035070077	0.0009053164	6.544375e-07	0.013229718	0.03786525	-0.029727656	0.018004699	-0.03468997	0.0677997	-0.10420372	0.0016606227	-0.00093932135	0.036057506	0.08184395	-0.024743974	-0.048170283	0.029145913	0.0458923	0.035377707	0.027438555	0.0894529	0.0040294095	-0.0125485845	0.0849917	0.017340105	0.002713978	-0.012962598	-0.022839777	0.03090926	-0.03305163	0.034983154	-0.04920891	0.03691494	0.03036997	0.0016766147	-0.038921937	0.010959333	0.0053407894	0.21770564	0.0218555	0.019914377	-0.0011605964	0.08689495	-0.02330375	0.0014299589	-0.01612457	0.022279996	-0.046943568	0.013129525	-0.0096676275	0.035663825	-0.0076148924	-0.012083583	0.055250958	-0.022236206	0.02584531	0.013922066	0.07136787	-0.016366847	0.0065783085	0.080089726	-0.022891503	-0.06286555	0.06212048	-0.04535067	-0.0034650222	0.029309895
0.10554322	0.03433443	-0.01070034	0.017043764	0.008147167	0.011039102	0.052547175	0.08931078	-0.093020685	0.019189302	-0.015256959	-0.026213584	0.017906496	0.011163775	-0.027723651	0.0032941648	0.0063572694	-0.2221073	-0.05939272	0.015928546	-0.05871995	-0.10665215	0.06649782	0.0024385527	0.062613696	-0.053634547	-0.037972454	-0.006040572	-0.026645655	0.013851105	-0.0748653	0.05092645	0.038973708	-0.0018407997	-0.18269624	-0.043104872	0.024289666	-0.027943874	-0.0022400448	0.0027520442	-0.010870835	-0.029136624	0.018247867	0.010604663	0.014578703	-0.027368927	0.0193788	-0.013312667	-0.13095436	0.057011236	-0.04536513	0.035664022	-0.015501509	-0.018654523	0.017001208	-0.04267285	-0.060422815	-0.037924122	-0.0036809067	0.012328159	-0.05783676	0.0071361815	-0.010131081	0.023934403	0.077420466	-0.010774972	-0.013281714	-0.13505049	-0.081678815	0.098243855	0.010540589	0.018912748	-0.019151086	0.009430794	-0.012906475	-0.058658026	-0.0010449358	0.02948631	0.020258252	0.001928599	0.06258509	-0.013004301	-0.02875009	-0.013377146	0.04689324	-0.03220566	0.03224216	-0.14249071	-0.12924403	0.016116966	-0.017441085	0.06968291	0.0756354	0.019777147	0.08042876	0.037331652	0.011418133	-0.035122793	-0.046270385	-0.02650372	0.0036952926	0.035036176	0.009649515	-0.0061037773	-0.045253243	-0.01623685	0.065399505	-0.011303685	0.0054443013	-0.0022705141	0.01069719	0.012108371	0.0022400266	0.022637727	-0.008471273	-0.09685167	0.04697558	0.043307513	-0.03423086	0.06676575	0.047841728	0.0005801746	0.0539917	0.023618463	0.029833121	0.027103757	-0.0072228992	7.6008234e-07	-0.02900453	-0.09824514	-0.0018938374	0.019786261	-0.043429956	-0.0017852382	-0.011782269	0.0051377374	0.044334725	-0.034608364	-0.011960227	0.020636823	-0.05940741	0.04724634	0.06380088	0.097761855	-0.079445824	-0.008863528	-0.08066402	0.026291452	0.03232315	0.082740314	0.016133474	-0.032395635	-0.015324731	-0.051941145	0.013178444	-0.020105574	-0.13635164	0.005009382	0.013351946	-0.04677463	-0.041000858	-0.021283519	-0.015974477	-0.033747915	0.033086944	0.010925429	0.033873405	0.03192114	-0.069992274	-0.014463748	-0.007711204	0.011529796	0.005635932	0.02141604	0.037091967	-0.0012329709	-0.20483036	0.047981914	-0.013359439	0.030249834	0.056486417	0.028161341	0.010220694	-0.0082494635	0.023663737	0.023243213	-0.08614852	-0.004263441	0.004934924	0.026587699	-0.006985062	-0.03573363	-0.053248294	0.10123148	0.005284562	0.040595025	-0.036350384	0.04313606	0.05207689	0.0019452812	-0.101014264	-0.0065769544	-0.062607124	-0.0013347596	0.08611331	-0.030967625	0.13050932	-0.04421655	0.014258991	0.0019968026	0.013933662	-0.11864731	-0.033329338	0.0339196	0.024666224	-0.01114662	0.06970434	-0.016850336	0.1659495	-0.023210723	-0.00012360248	-0.006020054	-0.04395547	-1.2463062e-07	-0.10266909	0.09026163	-0.012500433	0.029345313	-0.02122423	-0.005214439	0.05712655	-0.0040734406	0.036744002	0.0042116717	0.12597105	0.01833743	-0.017120196	-0.026130404	0.036829058	-0.07306463	-0.03740042	-0.010866955	0.068389006	0.022808675	-0.009682653	0.015542383	-0.011212372	0.0987595	-0.013274456	0.013041688	-0.035065103	-0.08436177	0.03910416	-0.06310843	0.103401944	-0.0068817944	0.040103283	-0.09766065	0.061752893	-0.04244713	-0.015020405	-0.020758608	0.028158525	0.11717428	0.030239362	-0.0034828095	-0.08861343	-0.06015583	0.017211264	0.04250299	0.09261059	-0.04625674	0.015422655	0.07148021	0.014781163	0.019995794	-0.00050680625	0.0012053245	0.019654572	-0.028007006	0.018473387	-0.033041023	0.009931857	0.027419552	-0.038032077	0.009300909	0.0132479975	-0.079806715	-0.015912676	-0.046906687	-0.010785258	0.043075476	-0.03800427	-0.009391139	0.039753422	-0.060514007	-0.018951518	0.004526611	-0.033337533	0.017137146	-0.0087725995	0.01895136	0.007666661	0.013417751	-0.08854777	0.016142536	0.013501258	-0.1270285	-0.06007843	0.01794434	0.04607357	-0.123228304	0.0045499997	0.01767344	0.015136017	-0.009247506	-0.012036518	-0.035169907	-0.0010423011	2.3210863e-07	0.012120245	0.035519417	-0.02913568	0.018643424	-0.035580285	0.06352875	-0.10498709	0.0036691409	-0.0021328458	0.040266506	0.082644485	-0.025078153	-0.05335333	0.025073865	0.047744118	0.032663584	0.0262721	0.09210427	0.0020565896	-0.0135592595	0.089838415	0.008761502	0.0011591283	-0.01289149	-0.024644043	0.030308964	-0.037875947	0.033024073	-0.049040247	0.039268713	0.027695753	0.0036744382	-0.039405182	0.011036598	0.0041674143	0.21178785	0.02181208	0.01570413	-0.0016268622	0.08622531	-0.023321783	0.0019964545	-0.019434845	0.021658527	-0.0468896	0.0093964385	-0.011112317	0.02933991	-0.011607468	-0.016962778	0.05188807	-0.028060056	0.024226299	0.012249888	0.06741569	-0.015306953	0.00782573	0.080530055	-0.019272018	-0.06283803	0.062805675	-0.04273831	-0.0028978148	0.027111208
0.10667598	0.0325208	-0.011162758	0.019288864	0.010446753	0.009212609	0.052757442	0.08712975	-0.090890706	0.018248722	-0.015012016	-0.028416134	0.017443227	0.01256264	-0.026217844	0.00024527998	0.008060829	-0.22407708	-0.06142753	0.017620778	-0.058112588	-0.10501558	0.06616349	0.003762526	0.06928401	-0.054992396	-0.041144643	-0.0077049052	-0.029162766	0.014666497	-0.07449489	0.04896572	0.033882983	-0.004436221	-0.18338633	-0.042101566	0.021945914	-0.027325101	-0.002449351	0.0051745437	-0.013795972	-0.028525325	0.015238654	0.011363043	0.01460354	-0.025285698	0.019582637	-0.008876555	-0.12302178	0.0557987	-0.04485343	0.039302535	-0.012528482	-0.018597495	0.015268378	-0.04295161	-0.05943465	-0.03920322	-0.0028425164	0.012128663	-0.059825957	0.007714724	-0.011257248	0.024669588	0.07839916	-0.0074047917	-0.013199736	-0.13434872	-0.081914395	0.096403316	0.010337358	0.019458981	-0.016842714	0.013047614	-0.014026934	-0.05794047	0.0009822476	0.029952368	0.022962876	0.0034086364	0.06054609	-0.013275449	-0.030216005	-0.015507082	0.052300263	-0.034733977	0.033044945	-0.14062932	-0.12477393	0.015691405	-0.018290395	0.068140976	0.07149486	0.018579572	0.083012015	0.037597913	0.010829377	-0.03336026	-0.050919276	-0.020637006	0.0036678303	0.03253661	0.009985028	-0.005044817	-0.043609645	-0.015016835	0.06467022	-0.011368658	0.0055153193	-0.0062932684	0.01254362	0.009482956	0.0048012664	0.022647602	-0.008033398	-0.094984934	0.049172815	0.046069708	-0.031863786	0.068469085	0.047756612	0.00057054666	0.05438331	0.024499385	0.028668763	0.031363286	-0.0089271935	1.1351357e-06	-0.0270512	-0.09562195	-0.0024112193	0.02210295	-0.041518357	-0.0025028172	-0.013283276	0.0065962654	0.039266687	-0.032250818	-0.0086320145	0.021992322	-0.060132142	0.043229595	0.06323198	0.09698957	-0.08217639	-0.010687207	-0.07801153	0.027736394	0.031038033	0.07996067	0.015235237	-0.031178487	-0.012311026	-0.04713881	0.012259536	-0.020190908	-0.1383998	0.0034933605	0.016926402	-0.041495916	-0.038083345	-0.02526703	-0.015524051	-0.032641787	0.031131847	0.011010836	0.03400176	0.031948935	-0.07196401	-0.016325867	-0.0073929424	0.008949684	0.0030780467	0.019346284	0.03666957	-0.0019506485	-0.20608814	0.045975454	-0.01565861	0.029224316	0.054885168	0.025561845	0.008215166	-0.0087695625	0.022881672	0.022400409	-0.082064524	-0.0011875697	0.0056940233	0.026398215	-0.006295073	-0.03904344	-0.051607158	0.096767284	0.004749079	0.0399818	-0.036516264	0.044594232	0.051647283	0.003965763	-0.10257013	-0.009257375	-0.06252286	-0.0011837791	0.09082528	-0.029959904	0.13162303	-0.040376924	0.014799037	0.0020921314	0.017390877	-0.12074117	-0.031388965	0.033483677	0.023494115	-0.01418417	0.066110134	-0.016303042	0.16898203	-0.024005145	0.0001969638	-0.006390159	-0.04573324	7.420432e-08	-0.10207213	0.08959989	-0.010940559	0.033017255	-0.019649696	-0.0068294345	0.056910943	0.003670405	0.03484233	0.005046653	0.12726723	0.021267666	-0.017191626	-0.024116803	0.039361726	-0.07553328	-0.040192273	-0.010681706	0.06935494	0.022999689	-0.01132776	0.013985732	-0.006892933	0.10701984	-0.013153291	0.0149966525	-0.028725399	-0.08796431	0.038585283	-0.067214474	0.09868954	-0.005554109	0.039762624	-0.09740534	0.0584698	-0.04020333	-0.017053159	-0.023018857	0.028015533	0.11913557	0.025597023	-0.0016351033	-0.08834954	-0.060207315	0.018307425	0.04063529	0.08989554	-0.04600212	0.013147568	0.07308927	0.012607898	0.021495214	-0.002614039	0.0036006283	0.0181332	-0.0319247	0.017937025	-0.034423098	0.012657919	0.024403311	-0.039426822	0.00969094	0.013104989	-0.07993102	-0.016114978	-0.045257974	-0.010103601	0.044228207	-0.040718473	-0.0062423316	0.04154472	-0.05845218	-0.020105235	0.0028177553	-0.03393118	0.015909886	-0.004993081	0.019667689	0.0072982605	0.015142836	-0.09256453	0.015332472	0.016367204	-0.1295928	-0.057619423	0.018092424	0.045833133	-0.117436305	0.004758818	0.019844053	0.01560549	-0.0088166315	-0.013194901	-0.035532482	0.0005546237	5.117951e-07	0.013142687	0.037852336	-0.02988076	0.016653638	-0.035828095	0.066790216	-0.10499535	0.002025067	-0.003184021	0.035828773	0.08271071	-0.023496792	-0.051453006	0.027547665	0.045902546	0.033908665	0.028460283	0.09124554	0.003486811	-0.015535815	0.08739653	0.015363241	0.0030092907	-0.015341004	-0.02381639	0.031223355	-0.033900023	0.034155276	-0.04833295	0.03766334	0.029655019	0.0017949564	-0.037650682	0.010316719	0.0034016746	0.21624403	0.020041842	0.018935543	-0.0007387854	0.087162174	-0.022266412	0.0012132194	-0.017796317	0.023054391	-0.04662903	0.012158735	-0.0095048575	0.034241583	-0.007886395	-0.012834828	0.05538368	-0.023090852	0.025904506	0.01354828	0.067237236	-0.017108586	0.006567529	0.08178846	-0.023166288	-0.06312312	0.06349641	-0.045346994	-0.0046677524	0.027941152
0.10562917	0.033079583	-0.009638928	0.01928331	0.010223742	0.008542361	0.05209226	0.08648858	-0.09160976	0.018490588	-0.014361277	-0.027111882	0.018195175	0.012813974	-0.025923343	0.00057028275	0.009096339	-0.22317772	-0.060386952	0.018063376	-0.058729775	-0.10478754	0.066677764	0.0045629963	0.06772933	-0.05486658	-0.04165953	-0.0078165345	-0.028729636	0.014549999	-0.074440666	0.04902888	0.035608463	-0.00387387	-0.18384044	-0.04313146	0.021954643	-0.026261283	-0.002273512	0.0051675504	-0.01266549	-0.028463444	0.0160629	0.010911845	0.013947455	-0.026862627	0.020384803	-0.009760016	-0.12426813	0.05808805	-0.04390593	0.03924405	-0.013024135	-0.019396447	0.016885681	-0.042935103	-0.05920361	-0.040617492	-0.0020079005	0.012650081	-0.060158435	0.008131002	-0.010679068	0.024734315	0.078788765	-0.008721143	-0.012556762	-0.13429296	-0.08134652	0.09744947	0.010508525	0.018936865	-0.01728204	0.011740824	-0.013215356	-0.05681327	0.00028829294	0.029874919	0.02269174	0.002501917	0.059426595	-0.014235574	-0.0292368	-0.015669338	0.05146464	-0.034297604	0.03470613	-0.14153573	-0.12552996	0.015954584	-0.017704733	0.06723124	0.07317238	0.020192653	0.08248561	0.037175465	0.010612995	-0.03380669	-0.050022855	-0.015406117	0.004625371	0.033582047	0.010654897	-0.0045416653	-0.043601282	-0.015805794	0.0644586	-0.011566491	0.005100602	-0.0057695205	0.01265506	0.009980045	0.004893535	0.023237335	-0.007552472	-0.09670337	0.04971846	0.046496667	-0.033421516	0.0685426	0.046952765	0.0008351321	0.0545752	0.023465715	0.028436327	0.032788463	-0.007310164	1.4930395e-06	-0.026243018	-0.094099395	-0.0031159061	0.02111125	-0.041869193	-0.0022505438	-0.012616352	0.0061004395	0.04002202	-0.03328657	-0.009893352	0.022020768	-0.05927036	0.043306265	0.06400664	0.09726158	-0.081437215	-0.010657378	-0.07810108	0.027142711	0.031489603	0.07918231	0.016069997	-0.03252218	-0.012605216	-0.0471988	0.012441363	-0.020978266	-0.13805437	0.0032379194	0.015895344	-0.04163776	-0.038309332	-0.02434817	-0.015928328	-0.030974103	0.031570606	0.011875592	0.03411593	0.03265463	-0.07075173	-0.016194455	-0.007051787	0.009870949	0.0029044787	0.020556755	0.035822827	-0.0016184772	-0.2059148	0.045160953	-0.014778877	0.029486455	0.054782394	0.025917457	0.008888126	-0.0088555245	0.022845801	0.022368489	-0.081099145	-0.002760631	0.007295867	0.025717024	-0.0061053927	-0.03937596	-0.05199508	0.096727766	0.0041314093	0.040550143	-0.03730278	0.044385772	0.050927617	0.0050084786	-0.1038871	-0.009699268	-0.062262375	-0.0016145519	0.09113492	-0.030498303	0.13264215	-0.039494924	0.01663575	0.0022119558	0.018772243	-0.12052005	-0.03167764	0.034786593	0.02404019	-0.013308935	0.06611794	-0.016333504	0.16932431	-0.023815582	0.00064375764	-0.005283274	-0.045541022	2.9673876e-07	-0.10121954	0.08950626	-0.012787682	0.033301372	-0.020360027	-0.006563353	0.057036176	0.0042121722	0.03485157	0.0049199755	0.12685886	0.020342525	-0.01761324	-0.023186931	0.039492305	-0.07603029	-0.039770763	-0.010549621	0.06892785	0.024435658	-0.011134351	0.014600824	-0.0081249345	0.10730606	-0.012567075	0.01594998	-0.02932593	-0.08804286	0.038934115	-0.065749526	0.100536354	-0.005213256	0.04039489	-0.097525954	0.059927966	-0.040920366	-0.016770529	-0.022815982	0.026725322	0.11875212	0.02390129	-0.0016307527	-0.08899999	-0.05949359	0.01875877	0.042054314	0.08992254	-0.044763137	0.013209367	0.07292276	0.013240169	0.021226214	-0.0028017906	0.0038310234	0.01858959	-0.032069407	0.018371327	-0.03463437	0.012378343	0.025723455	-0.040495776	0.00979725	0.013118679	-0.080034755	-0.016905146	-0.044990826	-0.009219136	0.042928267	-0.038654603	-0.0068755024	0.042168427	-0.057351906	-0.019303603	0.0023257346	-0.033157468	0.016660808	-0.006325274	0.018839449	0.007364492	0.0148399975	-0.09036127	0.015885187	0.015633028	-0.12821217	-0.05736396	0.017086482	0.047249887	-0.118411265	0.005443953	0.02027827	0.014838718	-0.009676263	-0.013120013	-0.035600107	0.000333155	6.2076674e-07	0.012338444	0.037817672	-0.030168965	0.017302927	-0.03632068	0.066164635	-0.1053076	0.0026351823	-0.0031887367	0.03583742	0.082520805	-0.024290463	-0.048568	0.028989574	0.0471679	0.033908997	0.028836897	0.09124762	0.0033809533	-0.014823746	0.08745802	0.015126486	0.0033303616	-0.015238781	-0.023206718	0.031322148	-0.033612143	0.03270301	-0.04893165	0.03734072	0.030262878	0.0019013857	-0.038320817	0.01140349	0.0026678683	0.21630931	0.020829154	0.01950177	-0.00023503453	0.08590364	-0.022746094	0.002757416	-0.018293507	0.02166931	-0.046999432	0.0116170095	-0.00976649	0.03448882	-0.008243449	-0.013762471	0.05540305	-0.023765236	0.025554238	0.013493832	0.06726214	-0.01713957	0.005688481	0.08149967	-0.023053577	-0.062395062	0.064071834	-0.043929476	-0.0039390824	0.027696645
0.10757115	0.035243817	-0.011732583	0.02246506	0.007345851	0.010181691	0.054476943	0.08702393	-0.091803804	0.018985905	-0.016793747	-0.026284164	0.019735057	0.013956084	-0.028105624	0.0013299283	0.0059917346	-0.22219823	-0.057730697	0.01576163	-0.05961372	-0.1026329	0.06427953	0.0053323205	0.06947461	-0.055530902	-0.042170484	-0.00788442	-0.028806955	0.01564806	-0.07408169	0.047271043	0.036119968	-0.0038675903	-0.18370005	-0.042125512	0.022174284	-0.026190134	-0.0024906844	0.0044996575	-0.012350069	-0.028744748	0.015877424	0.010414532	0.015232616	-0.025932787	0.020829372	-0.008786096	-0.123268016	0.057273317	-0.044178523	0.040399935	-0.012514805	-0.017706519	0.017454706	-0.042778168	-0.0590666	-0.038165312	-0.003219532	0.011768402	-0.058290455	0.007670277	-0.012649553	0.021349313	0.075602494	-0.0064885095	-0.012322405	-0.13229951	-0.08197067	0.09743723	0.011233354	0.020058202	-0.019459642	0.012602262	-0.013174677	-0.056183543	0.003530931	0.031321716	0.02535771	0.0018386813	0.06060906	-0.013513343	-0.032248396	-0.016916102	0.052058674	-0.034591157	0.032681692	-0.14009555	-0.12609951	0.015470244	-0.020113422	0.068643525	0.07312611	0.01956966	0.08198635	0.03472484	0.0125484485	-0.036213797	-0.048517182	-0.005836364	0.0037141119	0.0317515	0.013631663	-0.005497734	-0.044307932	-0.015984338	0.06379417	-0.011342257	0.0051103346	-0.0065508285	0.01283294	0.011728784	0.0038865635	0.024141781	-0.0068834857	-0.096044414	0.04813022	0.045636892	-0.028849913	0.07042768	0.048371356	0.0032882846	0.053388923	0.021490788	0.029395193	0.029487245	-0.006470632	1.8554819e-06	-0.027280036	-0.093681306	-0.0018919294	0.024011472	-0.04222832	-0.0014434586	-0.011478929	0.0058706463	0.03891793	-0.03314101	-0.008238716	0.021603275	-0.059283867	0.043814357	0.06605278	0.09694683	-0.08422915	-0.009717627	-0.07651753	0.027414786	0.031049492	0.079773106	0.01810685	-0.029937875	-0.0136766005	-0.046875626	0.013190503	-0.022715494	-0.13548137	0.0035278432	0.01743082	-0.04267218	-0.039399102	-0.025160177	-0.015038544	-0.03698025	0.03321275	0.010076728	0.035323225	0.033419248	-0.07078861	-0.018381393	-0.005563409	0.0073802094	0.0018749873	0.021413209	0.038161933	-0.0026547574	-0.20363012	0.046949722	-0.014512093	0.029542053	0.05294493	0.023756241	0.009588477	-0.009903869	0.023130504	0.023218388	-0.082407475	-0.0011118555	0.006901466	0.027472338	-0.0045713037	-0.03866025	-0.051920127	0.096222036	0.005568181	0.041601706	-0.03631031	0.04469102	0.051581986	0.0052394974	-0.10592701	-0.012042244	-0.061895363	-0.0018228672	0.093902595	-0.03267307	0.13193685	-0.04018509	0.013196974	0.0010361049	0.019491307	-0.119968235	-0.03368918	0.036216184	0.022807349	-0.012048663	0.06838898	-0.01593319	0.17072009	-0.025799992	0.003556619	-0.0029048992	-0.044965733	5.740397e-07	-0.09935232	0.091379635	-0.010785894	0.034987953	-0.019233298	-0.0052148052	0.060151115	0.00949915	0.0329086	0.0055345325	0.12623358	0.019924045	-0.016194716	-0.020906992	0.039825145	-0.07708801	-0.03943903	-0.010242714	0.06834395	0.022764247	-0.011418631	0.015099274	-0.0075380714	0.10434611	-0.011441891	0.015300394	-0.026806895	-0.08663401	0.039994933	-0.06437614	0.101254895	-0.004387937	0.03878433	-0.098674566	0.05869728	-0.03766258	-0.015427035	-0.022930682	0.028840967	0.11800661	0.02505993	-0.0015709286	-0.08811757	-0.059783153	0.019443322	0.04109552	0.090141125	-0.04659669	0.016829211	0.07180522	0.012524253	0.023090387	-0.0044075334	0.0034901279	0.01704792	-0.035190634	0.015863208	-0.033717368	0.013151139	0.024907574	-0.03904198	0.011244641	0.014009392	-0.076747224	-0.015520868	-0.046604153	-0.008507998	0.044206303	-0.03872796	-0.008437106	0.044346087	-0.05630755	-0.02080049	0.004406706	-0.03526842	0.01622082	-0.00800099	0.018570378	0.00754136	0.016903894	-0.09265687	0.015016318	0.016353253	-0.1273292	-0.056144103	0.015230879	0.045396272	-0.11806801	0.0031429995	0.02216152	0.0180139	-0.012657314	-0.012722201	-0.034561973	0.00092020887	8.1365897e-07	0.015134261	0.038507275	-0.031032458	0.017895294	-0.03549653	0.06756686	-0.10467218	0.003012846	-0.0015685274	0.03402324	0.08192629	-0.025067447	-0.046795685	0.028597616	0.04812866	0.031429235	0.026828574	0.09271964	0.004750641	-0.016337635	0.08886572	0.015742972	0.005025803	-0.014688421	-0.023312379	0.031853713	-0.036442336	0.03293507	-0.049157422	0.04059657	0.029628923	0.0029764439	-0.037366536	0.008100506	0.00440879	0.21744801	0.020656135	0.01978589	-0.0007266834	0.08504727	-0.023128157	0.0017290656	-0.019991912	0.021502692	-0.04778308	0.011701504	-0.012807655	0.033755813	-0.006959317	-0.013489227	0.05829033	-0.022478519	0.02835435	0.012797081	0.07010179	-0.01537427	0.006002601	0.0819799	-0.022789035	-0.061746933	0.06403277	-0.04467478	0.0004001917	0.030565584
0.10736841	0.035486527	-0.0125744855	0.019143475	0.008203463	0.0064963484	0.05306081	0.089037456	-0.09431962	0.023202881	-0.012731476	-0.02475906	0.019659143	0.014981874	-0.0231264	0.0006239697	0.0052004512	-0.22067198	-0.062290564	0.019459967	-0.05941552	-0.09989169	0.066452034	0.00671534	0.06694891	-0.053991538	-0.039206505	-0.00824674	-0.026182212	0.016155858	-0.07439473	0.052549284	0.03646937	-0.0005458124	-0.18110892	-0.040989805	0.021581763	-0.02745664	0.0006170225	0.0028605042	-0.009970395	-0.02845821	0.015227962	0.009380373	0.017309578	-0.025754798	0.018275164	-0.010980146	-0.12233981	0.056299444	-0.04194493	0.04136448	-0.012862287	-0.017783947	0.016950663	-0.043570597	-0.059888527	-0.040194508	-0.002987698	0.01192053	-0.06032101	0.010464902	-0.007669216	0.0226593	0.07785963	-0.006402086	-0.015560494	-0.13833024	-0.081182934	0.10138624	0.015920574	0.018199801	-0.014529435	0.014303771	-0.012422065	-0.059794128	-0.0009256153	0.029508831	0.02568822	0.0073872395	0.062591724	-0.012788093	-0.02832824	-0.0139341215	0.050726403	-0.028726557	0.03536194	-0.14396481	-0.12729362	0.016675433	-0.022605527	0.06871964	0.07918122	0.022370977	0.081449024	0.032366227	0.012316105	-0.03355573	-0.04967102	-0.017685562	0.0011712682	0.03544931	0.0122190695	-0.0065287645	-0.041835517	-0.015637295	0.06554986	-0.010605359	0.0047277627	-0.010022248	0.013113093	0.009824149	0.0028961117	0.023686463	-0.010916608	-0.094861306	0.048437104	0.047133356	-0.034006666	0.07197757	0.04688591	0.005146778	0.052393522	0.024875434	0.029914832	0.027887933	-0.0032775293	1.9400547e-06	-0.027978078	-0.09517251	-0.0034620971	0.019555323	-0.043639444	-0.003841768	-0.010923069	0.0058872537	0.039191425	-0.032917265	-0.010623739	0.018363291	-0.060540732	0.04772994	0.068378896	0.09574367	-0.081697434	-0.009217579	-0.076236576	0.02542308	0.030971736	0.082913905	0.016513327	-0.03211702	-0.01555946	-0.049159672	0.01522505	-0.019533498	-0.13481085	0.004123584	0.017236747	-0.044678412	-0.041081883	-0.024843173	-0.017754799	-0.03203196	0.034723803	0.0107795745	0.035139132	0.034323968	-0.07152081	-0.018356605	-0.0027751063	0.008310613	0.003199895	0.022547062	0.03786999	-0.0036581485	-0.20729417	0.045602035	-0.014417416	0.030397192	0.05438888	0.026177391	0.0069030044	-0.007420113	0.02417449	0.021265939	-0.08092877	-0.00053945236	0.008027353	0.028148968	-0.0058410517	-0.03857598	-0.053247914	0.098107494	0.0042348914	0.04193153	-0.033933576	0.04358803	0.04957289	0.0030726506	-0.10303552	-0.010802746	-0.06030599	-0.0014005842	0.09212513	-0.033230934	0.13187058	-0.038547337	0.014287654	0.0020703112	0.021767743	-0.12034357	-0.033551183	0.03333308	0.024028549	-0.011275927	0.07026917	-0.015569887	0.16341959	-0.025032751	0.0034869025	-0.004897545	-0.043684654	5.950122e-07	-0.10493812	0.08932834	-0.015192436	0.030158086	-0.019105203	-0.006766869	0.05793327	0.0006537901	0.02933893	0.004105044	0.12494749	0.01996424	-0.017084166	-0.025898036	0.041611083	-0.0760298	-0.03855638	-0.011788485	0.064784534	0.02483647	-0.0111433575	0.018238857	-0.008983866	0.10371686	-0.012751426	0.013961528	-0.025186075	-0.089245394	0.03942332	-0.062918	0.10373524	-0.0087068435	0.040872667	-0.10025843	0.06087512	-0.03979539	-0.018667266	-0.021529164	0.028725173	0.115621075	0.023156898	-0.0029833466	-0.08644379	-0.05741391	0.018905355	0.043746646	0.08998198	-0.04560243	0.017193798	0.0734836	0.013001184	0.023285404	-0.0033698226	0.0034300142	0.018993037	-0.029676605	0.01935357	-0.037006836	0.012223967	0.027702684	-0.03447567	0.007520858	0.0146992225	-0.07834073	-0.01705905	-0.045048885	-0.012957551	0.0406487	-0.037423905	-0.007560516	0.04258348	-0.056949098	-0.018930161	0.005135116	-0.033866238	0.012072905	-0.012162603	0.020473994	0.007326166	0.016233662	-0.088455625	0.014874678	0.017647678	-0.1279222	-0.0588501	0.0147598125	0.045532286	-0.11857651	0.007327687	0.020665737	0.017334158	-0.012112445	-0.015107534	-0.033656057	-0.0011211412	7.0111616e-07	0.012650758	0.037472047	-0.030175744	0.015646633	-0.03589756	0.06372327	-0.10321876	0.0002007158	-0.0004669237	0.03674227	0.081074566	-0.029023508	-0.05041829	0.023739606	0.050922684	0.033039715	0.027685052	0.092380896	0.0018885282	-0.013560761	0.08894952	0.013335241	0.0011253958	-0.015315978	-0.023673594	0.034088384	-0.034626994	0.036125142	-0.05227148	0.03610837	0.027143538	0.0012670471	-0.042267416	0.011675576	0.0045921607	0.21235715	0.02148269	0.01760031	0.00059694116	0.08464074	-0.022480762	-0.002144323	-0.016180806	0.023861054	-0.044778347	0.011043329	-0.008711294	0.033819664	-0.004279696	-0.012716315	0.054279666	-0.023421641	0.025811028	0.012896817	0.070485465	-0.016563792	0.0055415886	0.07764768	-0.025132068	-0.063013695	0.06852392	-0.04590543	0.001169866	0.031072386
0.104574025	0.0366595	-0.012216939	0.018740168	0.004325149	0.010400204	0.046841905	0.0839695	-0.09436203	0.023272509	-0.016941776	-0.02524296	0.019345473	0.011155117	-0.024211952	0.0022902235	0.0071112346	-0.22071248	-0.054554824	0.016419236	-0.06372103	-0.107381426	0.0657722	0.0064883777	0.07270079	-0.056564372	-0.044545867	-0.011956032	-0.02474023	0.02280299	-0.068536505	0.045850463	0.038186032	-0.00510894	-0.17927842	-0.041861076	0.024612775	-0.025345445	-0.0038453166	0.006358486	-0.01049068	-0.030524509	0.013089959	0.0112755895	0.010878103	-0.026446389	0.022974806	-0.008004597	-0.12753284	0.05499796	-0.04308303	0.037044495	-0.004286389	-0.019148288	0.01812388	-0.04342419	-0.058469746	-0.041074645	-0.0018036272	0.009076106	-0.0655652	0.008757663	-0.008495333	0.022040062	0.07823589	-0.01251506	-0.013117944	-0.14035918	-0.079272345	0.09874109	0.0106306	0.022468092	-0.019127442	0.010641471	-0.009894016	-0.05326033	0.0020869924	0.028075133	0.021608822	-0.0051021036	0.05960415	-0.012053251	-0.02887498	-0.018537182	0.049243215	-0.03501661	0.03446152	-0.13215818	-0.12612908	0.015145695	-0.020271018	0.070228994	0.07186239	0.022917356	0.08441191	0.035891484	0.011292549	-0.03230602	-0.045860704	-0.020092966	0.0019745133	0.0320029	0.017166993	-0.0020630118	-0.04213234	-0.015895829	0.0624584	-0.014851226	0.00081814354	-0.010139149	0.013297687	0.01454035	0.0030018948	0.0260591	-0.009991183	-0.09670095	0.04968215	0.042171378	-0.031988684	0.07185181	0.04583786	0.0023388849	0.053364024	0.01754791	0.029101325	0.031067178	-0.0099878665	1.6612347e-06	-0.02739149	-0.09259105	-0.0047647264	0.025051933	-0.04737828	-0.0033791384	-0.01310036	0.009298372	0.042292885	-0.029851856	-0.008546002	0.014593504	-0.06236698	0.043331042	0.062514536	0.09608854	-0.08358382	-0.012446217	-0.075941786	0.025841637	0.031035762	0.072400026	0.015113046	-0.028479394	-0.00882866	-0.04759935	0.014533823	-0.023422586	-0.13060813	0.0028250553	0.015440435	-0.043076854	-0.041727465	-0.027422566	-0.016129	-0.037794575	0.035952337	0.01606317	0.03494967	0.03515605	-0.07039217	-0.01775734	-0.0057414444	0.004332544	0.0022678052	0.020778226	0.03879829	-0.00547652	-0.20446365	0.0475544	-0.017026495	0.03216033	0.0572625	0.02269219	0.0127267325	-0.0115204165	0.022860697	0.016639194	-0.082952686	-0.0024164375	0.007659425	0.025354184	-0.005897012	-0.03796633	-0.054735433	0.100742236	0.010365592	0.039084915	-0.037637796	0.04659431	0.055675507	0.0050734114	-0.11260702	-0.01894608	-0.061333816	-0.0051577357	0.094528764	-0.036471665	0.131395	-0.04308752	0.017795525	0.0063477284	0.018416172	-0.115882255	-0.038185704	0.038248956	0.018346447	-0.008761895	0.06930636	-0.015402779	0.16269608	-0.030686235	0.0039017622	-0.0030139945	-0.04459104	3.0471736e-07	-0.102118805	0.08860459	-0.00913623	0.027775954	-0.02352318	-0.0075218785	0.061325695	0.01550587	0.029767632	0.0019350264	0.12481154	0.015254022	-0.014925976	-0.019938689	0.039756384	-0.08192114	-0.036557715	-0.009062334	0.07125413	0.021755494	-0.0083448	0.012211143	-0.0058402456	0.10246004	-0.013035471	0.012041861	-0.026572976	-0.08515636	0.034926638	-0.060525943	0.09994329	-0.00054238515	0.04649459	-0.104364306	0.059556585	-0.04401236	-0.022559486	-0.01990666	0.030999806	0.11770668	0.02502406	0.00023096717	-0.08508545	-0.060169376	0.018899389	0.043165706	0.08963274	-0.047476783	0.011383079	0.072818436	0.012325124	0.021204576	-0.002980962	-0.003051344	0.016859047	-0.031736102	0.018010672	-0.036000352	0.017364848	0.02658008	-0.039943654	0.0120787565	0.013868325	-0.07848217	-0.019879602	-0.042388935	-0.008323896	0.042598747	-0.0378883	-0.005999986	0.039006896	-0.06155864	-0.02594089	0.00022157418	-0.038392965	0.01072186	-0.006208639	0.017631503	0.008534264	0.017614288	-0.09057569	0.015888918	0.017098313	-0.12377415	-0.061422385	0.004931206	0.041072026	-0.11751243	0.0021297594	0.026522765	0.014397362	-0.014821449	-0.018155137	-0.03505367	0.0010825985	4.2686995e-07	0.0125844795	0.038812537	-0.03313368	0.021645743	-0.035627376	0.06886864	-0.10687774	0.0051629287	-0.00026269976	0.032059245	0.085235775	-0.024360536	-0.044922348	0.02313034	0.053893484	0.037550375	0.03139527	0.09247467	0.0024452775	-0.01420329	0.095597826	0.009548135	0.0065818406	-0.017079972	-0.02542386	0.034712985	-0.032165896	0.033477556	-0.05542278	0.035559874	0.025332136	0.0036237447	-0.044088047	0.009737342	0.0022819638	0.21232729	0.020859191	0.019816851	-0.0012519503	0.0849722	-0.02092719	-0.0028502434	-0.022511907	0.021443414	-0.048719876	0.0147988815	-0.014296209	0.03220344	-0.0044886763	-0.01401002	0.05740514	-0.019842848	0.028151458	0.010273093	0.07079737	-0.019370861	0.007595827	0.08195416	-0.022804912	-0.058874834	0.06306697	-0.04648735	0.0033008691	0.030152878
0.1058274	0.039945435	-0.0060990267	0.023988653	0.007306178	0.004443063	0.05143531	0.08663953	-0.09647208	0.020649562	-0.010043007	-0.025345867	0.015335346	0.009490553	-0.024512837	0.00012576809	0.0060106665	-0.21479544	-0.06162771	0.010565574	-0.0665679	-0.10535387	0.069829635	0.0073457467	0.0658302	-0.054810796	-0.047056407	-0.008947698	-0.023853766	0.019007074	-0.07303948	0.045460112	0.036785048	-0.0037235157	-0.18269251	-0.041206636	0.02473787	-0.023527239	-0.0031982497	-0.0008096054	-0.00930657	-0.03361359	0.012865901	0.0072951154	0.011180117	-0.030677585	0.024265805	-0.011928729	-0.13194309	0.055619687	-0.0418988	0.03376988	-0.01161239	-0.023476746	0.017640237	-0.04290098	-0.05474019	-0.043612733	0.00078590965	0.009283312	-0.067322075	0.008473044	-0.008209449	0.021020444	0.07799763	-0.0069460697	-0.013618962	-0.1424133	-0.07877117	0.09974143	0.015170463	0.022159416	-0.013940731	0.008886251	-0.010329477	-0.05661187	-0.0003804718	0.031230584	0.017486434	0.0027967151	0.05797265	-0.012700878	-0.032508243	-0.015604247	0.04654959	-0.034778386	0.03778448	-0.13670436	-0.1295508	0.01275885	-0.024144758	0.06984097	0.07004888	0.021047097	0.08714454	0.03429476	0.0040768743	-0.036389727	-0.05082583	-0.010168268	0.0012483152	0.032830287	0.008071242	-0.0024338535	-0.04115034	-0.019576052	0.06326224	-0.015819982	-0.0014721734	-0.012981652	0.012089691	0.012865467	0.00571112	0.022138953	-0.005873247	-0.0953741	0.051123325	0.045803573	-0.029626448	0.06614794	0.047326818	0.0037578242	0.05690227	0.022019241	0.03058676	0.025747519	-0.009897499	3.4813294e-07	-0.03118762	-0.09600477	-0.0036023753	0.022402033	-0.04111487	-0.0015435998	-0.015592851	0.005272938	0.04407388	-0.033323932	-0.0060807234	0.021000527	-0.05992762	0.047936145	0.057598487	0.10530468	-0.088102736	-0.010994876	-0.07009654	0.028836511	0.034465138	0.076807775	0.018080572	-0.03085593	-0.016768117	-0.04851779	0.012758351	-0.02360287	-0.1314616	0.0031507497	0.014867851	-0.03935508	-0.04223469	-0.0276694	-0.017967764	-0.036080465	0.036157917	0.014623718	0.036967635	0.038402237	-0.06802396	-0.01799742	-0.008384651	0.00957415	0.0045503913	0.019755129	0.030659275	-0.0061803274	-0.20133021	0.043400552	-0.022245692	0.031123035	0.055886123	0.015264046	0.0050692987	-0.0119654825	0.022231618	0.019034907	-0.08459893	-0.0046263253	0.010572602	0.027048897	-0.0049414705	-0.042723905	-0.06328815	0.09718836	0.0020311242	0.041921616	-0.038129095	0.046506036	0.05310154	0.0020540804	-0.10110853	-0.015882442	-0.059674013	-0.009044355	0.08397812	-0.03697798	0.124278754	-0.05093671	0.021936927	0.008290088	0.014975347	-0.118814655	-0.033611488	0.03061683	0.02236522	-0.015014494	0.06805312	-0.019088233	0.15449095	-0.026044691	0.0025777838	-0.009471026	-0.052152026	-5.330906e-07	-0.107024394	0.09166098	-0.016099734	0.027086278	-0.021079643	-0.00871678	0.054444302	0.0027121725	0.029151384	0.0018603838	0.1268593	0.019146997	-0.014140846	-0.025904665	0.0391533	-0.08051812	-0.038655322	-0.007483379	0.05920087	0.025079908	-0.009699695	0.01854044	-0.008335018	0.10518594	-0.015828528	0.012039031	-0.03155172	-0.088351615	0.03057584	-0.06203017	0.09882127	0.0016158902	0.042569682	-0.10622801	0.064672284	-0.038845234	-0.024950664	-0.026085956	0.025333205	0.111312166	0.021496141	0.0022785142	-0.08595004	-0.058719438	0.020624842	0.04829589	0.084775135	-0.045502454	0.01611015	0.07739324	0.010453463	0.017316703	-0.0021738277	0.003396519	0.02125317	-0.03666762	0.018560927	-0.040630367	0.014032396	0.03262356	-0.045198996	0.010555241	0.0113612935	-0.08340864	-0.018396705	-0.0487652	-0.013132443	0.039031427	-0.042557403	-0.010214594	0.043000787	-0.059749756	-0.026324248	0.0006222738	-0.035105046	0.008933303	-0.017970828	0.014417106	0.0036534064	0.0150628	-0.09070678	0.008722338	0.01250159	-0.1310712	-0.061929308	0.0152767515	0.031716615	-0.1242203	0.006936583	0.018271044	0.016855083	-0.016501423	-0.019152908	-0.036287576	0.0024530613	-3.6601008e-07	0.013292584	0.034850758	-0.03050298	0.01899846	-0.03454173	0.06953915	-0.10829567	0.004751112	-0.001526166	0.0335939	0.077473246	-0.027033035	-0.044456765	0.02428648	0.053161427	0.030743448	0.03339009	0.09403144	0.0039221663	-0.011559856	0.0877522	0.0030144257	0.0059954883	-0.02326958	-0.03037064	0.034273382	-0.02986392	0.03249425	-0.05542339	0.036888756	0.025496606	-0.002540509	-0.04556512	0.00805211	-0.0026653756	0.21039224	0.021282496	0.019615876	-0.0032372063	0.08574389	-0.02496612	0.0034277881	-0.014449118	0.023133114	-0.04630461	0.00842508	-0.0038397508	0.03347523	-0.008975929	-0.011374861	0.059699226	-0.016997272	0.026538856	0.011495712	0.061212614	-0.022417326	0.0065758415	0.08249929	-0.025028478	-0.05660401	0.0646155	-0.044142604	-0.00076276273	0.026750267
